BlockSource: http://www.mlssoccer.com/stats/season?season_year=2013&season_type=REG
Competition: Major League Soccer
Season: 2013

Key: name; position; games_played; games_started; minutes; goals; assists; shots; shots_on_goal; game_winning_goals; pk_goals; pk_attempted; home_goals; road_goals; shot_percentage

Team: Chicago Fire

Mike Magee             ; M      ; 22     ; 22     ; 1901   ; 15     ; 4      ; 78     ; 37     ; 3      ; 3; 4    ; 13     ; 8      ; 0.71; 19.2
Patrick Nyarko         ; M      ; 30     ; 24     ; 2153   ; 4      ; 4      ; 40     ; 16     ; 0      ; 0; 0    ; 2      ; 2      ; 0.17; 10.0
Dilly Duka             ; M      ; 31     ; 24     ; 1788   ; 4      ; 3      ; 62     ; 28     ; 1      ; 0; 0    ; 2      ; 2      ; 0.20; 6.5
Chris Rolfe            ; F-M    ; 31     ; 26     ; 2135   ; 4      ; 1      ; 69     ; 19     ; 1      ; 0; 1    ; 3      ; 1      ; 0.17; 5.8
Quincy Amarikwa        ; F      ; 14     ; 0      ; 299    ; 3      ; 0      ; 12     ; 7      ; 0      ; 0; 0    ; 0      ; 3      ; 0.90; 25.0
Joel Lindpere          ; M      ; 25     ; 17     ; 1444   ; 2      ; 8      ; 18     ; 6      ; 1      ; 0; 0    ; 2      ; 0      ; 0.12; 11.1
Jeff Larentowicz       ; M      ; 32     ; 31     ; 2807   ; 2      ; 4      ; 45     ; 13     ; 2      ; 0; 0    ; 1      ; 1      ; 0.06; 4.4
Daniel Paladini        ; M      ; 20     ; 7      ; 823    ; 2      ; 3      ; 12     ; 6      ; 0      ; 0; 0    ; 2      ; 0      ; 0.22; 16.7
Maicon Santos          ; F      ; 15     ; 1      ; 379    ; 2      ; 2      ; 20     ; 5      ; 1      ; 0; 0    ; 2      ; 0      ; 0.47; 10.0
Juan Luis Anangono     ; F      ; 13     ; 9      ; 839    ; 2      ; 1      ; 34     ; 10     ; 0      ; 0; 0    ; 1      ; 1      ; 0.21; 5.9
Jalil Anibaba          ; D      ; 34     ; 34     ; 3060   ; 1      ; 3      ; 16     ; 7      ; 1      ; 0; 0    ; 0      ; 1      ; 0.03; 6.3
Austin Berry           ; D      ; 34     ; 34     ; 3060   ; 1      ; 2      ; 14     ; 5      ; 1      ; 0; 0    ; 1      ; 0      ; 0.03; 7.1
Hunter Jumper          ; D      ; 2      ; 2      ; 180    ; 1      ; 1      ; 2      ; 1      ; 1      ; 0; 0    ; 1      ; 0      ; 0.50; 50.0
Alex                   ; M      ; 30     ; 18     ; 1625   ; 1      ; 1      ; 34     ; 9      ; 1      ; 0; 0    ; 1      ; 0      ; 0.06; 2.9
Bakary Soumare         ; D      ; 22     ; 22     ; 1919   ; 1      ; 0      ; 5      ; 2      ; 0      ; 0; 0    ; 0      ; 1      ; 0.05; 20.0
Sherjill MacDonald     ; F      ; 13     ; 7      ; 579    ; 0      ; 1      ; 11     ; 5      ; 0      ; 0; 0    ; 0      ; 0      ; 0.00; 0.0
Gonzalo Segares        ; D      ; 32     ; 32     ; 2855   ; 0      ; 1      ; 12     ; 3      ; 0      ; 0; 0    ; 0      ; 0      ; 0.00; 0.0
Alec Kann              ; GK     ; 0      ; 0      ; 0      ; 0      ; 0      ; 0      ; 0      ; 0      ; 0; 0    ; 0      ; 0      ; 0.00; 0.0
Alvaro Fernandez       ; M      ; 0      ; 0      ; 0      ; 0      ; 0      ; 0      ; 0      ; 0      ; 0; 0    ; 0      ; 0      ; 0.00; 0.0
Arne Friedrich         ; D      ; 0      ; 0      ; 0      ; 0      ; 0      ; 0      ; 0      ; 0      ; 0; 0    ; 0      ; 0      ; 0.00; 0.0
Brendan King           ; M      ; 0      ; 0      ; 0      ; 0      ; 0      ; 0      ; 0      ; 0      ; 0; 0    ; 0      ; 0      ; 0.00; 0.0
Federico Puppo         ; F      ; 0      ; 0      ; 0      ; 0      ; 0      ; 0      ; 0      ; 0      ; 0; 0    ; 0      ; 0      ; 0.00; 0.0
Kellen Gulley          ; F      ; 0      ; 0      ; 0      ; 0      ; 0      ; 0      ; 0      ; 0      ; 0; 0    ; 0      ; 0      ; 0.00; 0.0
Orr Barouch            ; F      ; 0      ; 0      ; 0      ; 0      ; 0      ; 0      ; 0      ; 0      ; 0; 0    ; 0      ; 0      ; 0.00; 0.0
Victor Pineda          ; M      ; 0      ; 0      ; 0      ; 0      ; 0      ; 0      ; 0      ; 0      ; 0; 0    ; 0      ; 0      ; 0.00; 0.0
Corben Bone            ; M      ; 1      ; 0      ; 3      ; 0      ; 0      ; 0      ; 0      ; 0      ; 0; 0    ; 0      ; 0      ; 0.00; 0.0
Yazid Atouba Emane     ; M      ; 3      ; 0      ; 55     ; 0      ; 0      ; 1      ; 0      ; 0      ; 0; 0    ; 0      ; 0      ; 0.00; 0.0
Michael Videira        ; M      ; 2      ; 1      ; 84     ; 0      ; 0      ; 0      ; 0      ; 0      ; 0; 0    ; 0      ; 0      ; 0.00; 0.0
Shaun Francis          ; D      ; 1      ; 1      ; 90     ; 0      ; 0      ; 1      ; 0      ; 0      ; 0; 0    ; 0      ; 0      ; 0.00; 0.0
Steven Kinney          ; D      ; 2      ; 2      ; 180    ; 0      ; 0      ; 1      ; 0      ; 0      ; 0; 0    ; 0      ; 0      ; 0.00; 0.0
Paolo Tornaghi         ; GK     ; 6      ; 6      ; 540    ; 0      ; 0      ; 0      ; 0      ; 0      ; 0; 0    ; 0      ; 0      ; 0.00; 0.0
Wells Thompson         ; D      ; 8      ; 6      ; 542    ; 0      ; 0      ; 6      ; 0      ; 0      ; 0; 0    ; 0      ; 0      ; 0.00; 0.0
Arevalo Rios           ; M      ; 9      ; 9      ; 780    ; 0      ; 0      ; 11     ; 3      ; 0      ; 0; 0    ; 0      ; 0      ; 0.00; 0.0
Logan Pause            ; M      ; 15     ; 11     ; 904    ; 0      ; 0      ; 1      ; 0      ; 0      ; 0; 0    ; 0      ; 0      ; 0.00; 0.0
Sean Johnson           ; GK     ; 28     ; 28     ; 2520   ; 0      ; 0      ; 0      ; 0      ; 0      ; 0; 0    ; 0      ; 0      ; 0.00; 0.0


Team: Chivas USA

Erick Torres           ; F      ; 15     ; 15     ; 1349   ; 7      ; 1      ; 45     ; 21     ; 3      ; 1; 1    ; 4      ; 3      ; 0.47; 15.6
Eric Avila             ; M      ; 28     ; 24     ; 2183   ; 3      ; 2      ; 27     ; 10     ; 1      ; 0; 0    ; 1      ; 2      ; 0.12; 11.1
Carlos Alvarez         ; M      ; 29     ; 26     ; 2182   ; 2      ; 3      ; 35     ; 10     ; 0      ; 0; 0    ; 1      ; 1      ; 0.08; 5.7
Tristan Bowen          ; F      ; 22     ; 15     ; 1173   ; 2      ; 2      ; 32     ; 7      ; 0      ; 0; 0    ; 1      ; 1      ; 0.15; 6.3
Juan Agudelo           ; F      ; 6      ; 4      ; 381    ; 2      ; 1      ; 7      ; 2      ; 0      ; 0; 0    ; 5      ; 4      ; 0.47; 28.6
Julio Morales          ; F      ; 17     ; 9      ; 768    ; 2      ; 0      ; 17     ; 8      ; 0      ; 0; 0    ; 1      ; 1      ; 0.23; 11.8
Bryan de la Fuente     ; F      ; 11     ; 11     ; 884    ; 2      ; 0      ; 8      ; 3      ; 0      ; 0; 0    ; 2      ; 0      ; 0.20; 25.0
Jorge Villafana        ; M      ; 20     ; 15     ; 1432   ; 1      ; 4      ; 16     ; 2      ; 0      ; 0; 0    ; 1      ; 0      ; 0.06; 6.3
Edgar Mejia            ; M      ; 28     ; 27     ; 2266   ; 1      ; 4      ; 12     ; 4      ; 0      ; 0; 1    ; 0      ; 1      ; 0.04; 8.3
Giovani Casillas       ; F      ; 5      ; 2      ; 182    ; 1      ; 0      ; 3      ; 1      ; 0      ; 0; 0    ; 1      ; 0      ; 0.49; 33.3
Laurent Courtois       ; M      ; 5      ; 3      ; 265    ; 1      ; 0      ; 11     ; 3      ; 0      ; 0; 0    ; 1      ; 0      ; 0.34; 9.1
Joaquin Velazquez      ; D      ; 12     ; 12     ; 985    ; 1      ; 0      ; 5      ; 4      ; 1      ; 0; 0    ; 0      ; 1      ; 0.09; 20.0
Jose Correa            ; F      ; 16     ; 12     ; 1054   ; 1      ; 0      ; 18     ; 11     ; 0      ; 0; 1    ; 0      ; 1      ; 0.09; 5.6
Oswaldo Minda          ; M      ; 16     ; 15     ; 1224   ; 1      ; 0      ; 6      ; 1      ; 1      ; 0; 0    ; 1      ; 0      ; 0.07; 16.7
Mario de Luna          ; D      ; 30     ; 30     ; 2637   ; 1      ; 0      ; 7      ; 2      ; 0      ; 0; 0    ; 1      ; 0      ; 0.03; 14.3
Carlos Borja           ; D      ; 26     ; 22     ; 2010   ; 0      ; 2      ; 2      ; 0      ; 0      ; 0; 0    ; 0      ; 0      ; 0.00; 0.0
Carlo Chueca           ; M      ; 5      ; 1      ; 148    ; 0      ; 1      ; 3      ; 1      ; 0      ; 0; 0    ; 0      ; 0      ; 0.00; 0.0
Walter Vilchez         ; D      ; 11     ; 11     ; 970    ; 0      ; 1      ; 2      ; 1      ; 0      ; 0; 0    ; 0      ; 0      ; 0.00; 0.0
Marky Delgado          ; M      ; 16     ; 13     ; 1247   ; 0      ; 1      ; 6      ; 0      ; 0      ; 0; 0    ; 0      ; 0      ; 0.00; 0.0
Ante Jazic             ; D      ; 0      ; 0      ; 0      ; 0      ; 0      ; 0      ; 0      ; 0      ; 0; 0    ; 0      ; 0      ; 0.00; 0.0
Caleb Calvert          ; F      ; 0      ; 0      ; 0      ; 0      ; 0      ; 0      ; 0      ; 0      ; 0; 0    ; 0      ; 0      ; 0.00; 0.0
Emilio Orozco          ; D      ; 0      ; 0      ; 0      ; 0      ; 0      ; 0      ; 0      ; 0      ; 0; 0    ; 0      ; 0      ; 0.00; 0.0
Daniel Antunez         ; M      ; 3      ; 1      ; 81     ; 0      ; 0      ; 0      ; 0      ; 0      ; 0; 0    ; 0      ; 0      ; 0.00; 0.0
Patrick McLain         ; GK     ; 2      ; 1      ; 124    ; 0      ; 0      ; 0      ; 0      ; 0      ; 0; 0    ; 0      ; 0      ; 0.00; 0.0
Aaron Ponce            ; M      ; 5      ; 1      ; 170    ; 0      ; 0      ; 4      ; 1      ; 0      ; 0; 0    ; 0      ; 0      ; 0.00; 0.0
Daniel Antunez         ; M      ; 3      ; 1      ; 81     ; 0      ; 0      ; 0      ; 0      ; 0      ; 0; 0    ; 0      ; 0      ; 0.00; 0.0
Patrick McLain         ; GK     ; 2      ; 1      ; 124    ; 0      ; 0      ; 0      ; 0      ; 0      ; 0; 0    ; 0      ; 0      ; 0.00; 0.0
Aaron Ponce            ; M      ; 5      ; 1      ; 170    ; 0      ; 0      ; 4      ; 1      ; 0      ; 0; 0    ; 0      ; 0      ; 0.00; 0.0
Tim Melia              ; GK     ; 2      ; 2      ; 180    ; 0      ; 0      ; 0      ; 0      ; 0      ; 0; 0    ; 0      ; 0      ; 0.00; 0.0
Matthew Fondy          ; F      ; 7      ; 1      ; 236    ; 0      ; 0      ; 12     ; 2      ; 0      ; 0; 0    ; 0      ; 0      ; 0.00; 0.0
Miller Bolanos         ; M      ; 5      ; 2      ; 239    ; 0      ; 0      ; 10     ; 3      ; 0      ; 0; 0    ; 0      ; 0      ; 0.00; 0.0
Jaime Frias            ; D      ; 4      ; 3      ; 261    ; 0      ; 0      ; 0      ; 0      ; 0      ; 0; 0    ; 0      ; 0      ; 0.00; 0.0
Jose Rivera            ; F      ; 9      ; 3      ; 266    ; 0      ; 0      ; 6      ; 1      ; 0      ; 0; 0    ; 0      ; 0      ; 0.00; 0.0
Steve Purdy            ; D      ; 8      ; 5      ; 478    ; 0      ; 0      ; 4      ; 1      ; 0      ; 0; 0    ; 0      ; 0      ; 0.00; 0.0
Marvin Iraheta         ; M      ; 13     ; 5      ; 551    ; 0      ; 0      ; 3      ; 0      ; 0      ; 0; 0    ; 0      ; 0      ; 0.00; 0.0
Gabriel Farfan         ; M      ; 14     ; 10     ; 844    ; 0      ; 0      ; 11     ; 3      ; 0      ; 0; 0    ; 0      ; 0      ; 0.00; 0.0
Carlos Bocanegra       ; D      ; 12     ; 12     ; 1052   ; 0      ; 0      ; 6      ; 2      ; 0      ; 0; 0    ; 0      ; 0      ; 0.00; 0.0
Josue Soto             ; D-M    ; 18     ; 12     ; 1158   ; 0      ; 0      ; 3      ; 3      ; 0      ; 0; 0    ; 0      ; 0      ; 0.00; 0.0
Bobby Burling          ; D      ; 23     ; 18     ; 1651   ; 0      ; 0      ; 11     ; 4      ; 0      ; 0; 0    ; 0      ; 0      ; 0.00; 0.0
Dan Kennedy            ; GK     ; 31     ; 31     ; 2754   ; 0      ; 0      ; 1      ; 0      ; 0      ; 0; 0    ; 0      ; 0      ; 0.00; 0.0

Team: Colorado Rapids

Deshorn Brown          ; F      ; 31     ; 24     ; 2169   ; 10     ; 4      ; 97     ; 30     ; 2      ; 1; 2    ; 6      ; 4      ; 0.41;    10.3
Dillon Powers          ; M      ; 30     ; 29     ; 2457   ; 5      ; 6      ; 27     ; 11     ; 1      ; 0; 0    ; 3      ; 2      ; 0.18;    18.5
Edson Buddle           ; F      ; 24     ; 19     ; 1664   ; 5      ; 3      ; 56     ; 17     ; 3      ; 0; 0    ; 2      ; 3      ; 0.27;    8.9
Atiba Harris           ; F      ; 29     ; 24     ; 2012   ; 5      ; 1      ; 51     ; 16     ; 2      ; 0; 0    ; 4      ; 1      ; 0.22;    9.8
Nathan Sturgis         ; M      ; 25     ; 23     ; 2037   ; 4      ; 1      ; 27     ; 7      ; 1      ; 0; 0    ; 3      ; 1      ; 0.18;    14.8
Gabriel Torres         ; F      ; 7      ; 5      ; 507    ; 3      ; 1      ; 15     ; 4      ; 1      ; 1; 1    ; 3      ; 0      ; 0.53;    20.0
Drew Moor              ; D      ; 32     ; 31     ; 2793   ; 3      ; 0      ; 18     ; 6      ; 0      ; 0; 0    ; 1      ; 2      ; 0.10;    16.7
Hendry Thomas          ; M      ; 27     ; 27     ; 2301   ; 2      ; 1      ; 33     ; 5      ; 1      ; 1; 1    ; 2      ; 0      ; 0.08;    6.1
Vicente Sanchez        ; F      ; 8      ; 7      ; 623    ; 1      ; 4      ; 12     ; 5      ; 0      ; 0; 0    ; 1      ; 0      ; 0.14;    8.3
Martin Rivero          ; M      ; 16     ; 6      ; 705    ; 1      ; 3      ; 16     ; 5      ; 0      ; 0; 0    ; 0      ; 1      ; 0.13;    6.3
Nick LaBrocca          ; M      ; 24     ; 16     ; 1214   ; 1      ; 3      ; 27     ; 10     ; 0      ; 0; 0    ; 1      ; 0      ; 0.07;    3.7
Jamie Smith            ; M      ; 6      ; 1      ; 168    ; 1      ; 0      ; 7      ; 3      ; 0      ; 0; 0    ; 1      ; 0      ; 0.54;    14.3
Jaime Castrillon       ; M      ; 11     ; 2      ; 371    ; 1      ; 0      ; 12     ; 5      ; 0      ; 0; 0    ; 1      ; 0      ; 0.24;    8.3
Tony Cascio            ; F      ; 13     ; 4      ; 530    ; 1      ; 0      ; 14     ; 5      ; 1      ; 0; 0    ; 0      ; 1      ; 0.17;    7.1
Christopher Klute      ; D      ; 31     ; 30     ; 2696   ; 0      ; 7      ; 5      ; 2      ; 0      ; 0; 0    ; 0      ; 0      ; 0.00;    0.0
Brian Mullan           ; D      ; 16     ; 15     ; 1359   ; 0      ; 2      ; 2      ; 0      ; 0      ; 0; 0    ; 0      ; 0      ; 0.00;    0.0
Marvell Wynne          ; D      ; 28     ; 27     ; 2315   ; 0      ; 2      ; 6      ; 2      ; 0      ; 0; 0    ; 0      ; 0      ; 0.00;    0.0
Danny Mwanga           ; F      ; 13     ; 5      ; 556    ; 0      ; 1      ; 9      ; 4      ; 0      ; 0; 0    ; 0      ; 0      ; 0.00;    0.0
Charles Eloundou       ; F      ; 0      ; 0      ; 0      ; 0      ; 0      ; 0      ; 0      ; 0      ; 0; 0    ; 0      ; 0      ; 0.00;    0.0
Davy Armstrong         ; M      ; 0      ; 0      ; 0      ; 0      ; 0      ; 0      ; 0      ; 0      ; 0; 0    ; 0      ; 0      ; 0.00;    0.0
Kory Kindle            ; D      ; 0      ; 0      ; 0      ; 0      ; 0      ; 0      ; 0      ; 0      ; 0; 0    ; 0      ; 0      ; 0.00;    0.0
Brenton Griffiths      ; D      ; 1      ; 0      ; 1      ; 0      ; 0      ; 0      ; 0      ; 0      ; 0; 0    ; 0      ; 0      ; 0.00;    0.0
Andre Akpan            ; F      ; 1      ; 0      ; 7      ; 0      ; 0      ; 0      ; 0      ; 0      ; 0; 0    ; 0      ; 0      ; 0.00;    0.0
Dillon Serna           ; M      ; 1      ; 0      ; 13     ; 0      ; 0      ; 1      ; 0      ; 0      ; 0; 0    ; 0      ; 0      ; 0.00;    0.0
Steward Ceus           ; GK     ; 1      ; 1      ; 90     ; 0      ; 0      ; 0      ; 0      ; 0      ; 0; 0    ; 0      ; 0      ; 0.00;    0.0
Andre Akpan            ; F      ; 1      ; 0      ; 7      ; 0      ; 0      ; 0      ; 0      ; 0      ; 0; 0    ; 0      ; 0      ; 0.00;    0.0
Dillon Serna           ; M      ; 1      ; 0      ; 13     ; 0      ; 0      ; 1      ; 0      ; 0      ; 0; 0    ; 0      ; 0      ; 0.00;    0.0
Steward Ceus           ; GK     ; 1      ; 1      ; 90     ; 0      ; 0      ; 0      ; 0      ; 0      ; 0; 0    ; 0      ; 0      ; 0.00;    0.0
Matt Pickens           ; GK     ; 2      ; 2      ; 97     ; 0      ; 0      ; 0      ; 0      ; 0      ; 0; 0    ; 0      ; 0      ; 0.00;    0.0
Anthony Wallace        ; D      ; 6      ; 0      ; 107    ; 0      ; 0      ; 0      ; 0      ; 0      ; 0; 0    ; 0      ; 0      ; 0.00;    0.0
Kamani Hill            ; F      ; 6      ; 2      ; 188    ; 0      ; 0      ; 5      ; 0      ; 0      ; 0; 0    ; 0      ; 0      ; 0.00;    0.0
Kevin Harbottle        ; F      ; 4      ; 4      ; 269    ; 0      ; 0      ; 3      ; 0      ; 0      ; 0; 0    ; 0      ; 0      ; 0.00;    0.0
Diego Calderon         ; D      ; 4      ; 4      ; 304    ; 0      ; 0      ; 0      ; 0      ; 0      ; 0; 0    ; 0      ; 0      ; 0.00;    0.0
Pablo Mastroeni        ; M      ; 7      ; 5      ; 305    ; 0      ; 0      ; 2      ; 0      ; 0      ; 0; 0    ; 0      ; 0      ; 0.00;    0.0
German Mera            ; D      ; 13     ; 6      ; 577    ; 0      ; 0      ; 7      ; 0      ; 0      ; 0; 0    ; 0      ; 0      ; 0.00;    0.0
Shane O'Neill          ; D      ; 26     ; 24     ; 2196   ; 0      ; 0      ; 8      ; 4      ; 0      ; 0; 0    ; 0      ; 0      ; 0.00;    0.0
Clint Irwin            ; GK     ; 32     ; 31     ; 2873   ; 0      ; 0      ; 0      ; 0      ; 0      ; 0; 0    ; 0      ; 0      ; 0.00;    0.0


Team: Columbus Crew

Dominic Oduro          ; F-M    ; 34     ; 34     ; 2854   ; 13     ; 4      ; 92     ; 36     ; 5      ; 0; 0    ; 4      ; 9      ; 0.41; 14.1
Federico Higuain       ; M      ; 29     ; 29     ; 2592   ; 11     ; 9      ; 86     ; 31     ; 3      ; 6; 8    ; 8      ; 3      ; 0.38; 12.8
Bernardo Anor          ; M      ; 20     ; 19     ; 1663   ; 4      ; 1      ; 53     ; 17     ; 1      ; 0; 0    ; 2      ; 2      ; 0.22; 7.5
Jairo Arrieta          ; F      ; 26     ; 21     ; 1862   ; 3      ; 4      ; 64     ; 18     ; 0      ; 0; 0    ; 0      ; 3      ; 0.15; 4.7
Josh Williams          ; D      ; 27     ; 25     ; 2284   ; 3      ; 0      ; 21     ; 8      ; 0      ; 0; 0    ; 1      ; 2      ; 0.12; 14.3
Aaron Schoenfeld       ; F      ; 10     ; 3      ; 310    ; 1      ; 1      ; 10     ; 3      ; 0      ; 0; 0    ; 0      ; 1      ; 0.29; 10.0
Ryan Finley            ; F      ; 14     ; 3      ; 430    ; 1      ; 1      ; 18     ; 5      ; 1      ; 0; 1    ; 1      ; 0      ; 0.21; 5.6
Justin Meram           ; M      ; 19     ; 9      ; 781    ; 1      ; 1      ; 21     ; 6      ; 0      ; 0; 0    ; 1      ; 0      ; 0.12; 4.8
Matias Sanchez         ; M      ; 14     ; 10     ; 820    ; 1      ; 1      ; 6      ; 1      ; 1      ; 0; 0    ; 1      ; 0      ; 0.11; 16.7
Ben Speas              ; M      ; 19     ; 10     ; 935    ; 1      ; 1      ; 18     ; 4      ; 1      ; 0; 0    ; 0      ; 1      ; 0.10; 5.6
Glauber                ; D      ; 13     ; 13     ; 1169   ; 1      ; 0      ; 5      ; 2      ; 0      ; 0; 0    ; 1      ; 0      ; 0.08; 20.0
Chad Marshall          ; D      ; 30     ; 30     ; 2638   ; 1      ; 0      ; 21     ; 8      ; 0      ; 0; 0    ; 0      ; 1      ; 0.03; 4.8
Eddie Gaven            ; M      ; 10     ; 10     ; 900    ; 0      ; 4      ; 7      ; 4      ; 0      ; 0; 0    ; 0      ; 0      ; 0.00; 0.0
Tony Tchani            ; M      ; 22     ; 13     ; 1324   ; 0      ; 1      ; 9      ; 1      ; 0      ; 0; 0    ; 0      ; 0      ; 0.00; 0.0
Wil Trapp              ; M      ; 16     ; 16     ; 1389   ; 0      ; 1      ; 8      ; 0      ; 0      ; 0; 0    ; 0      ; 0      ; 0.00; 0.0
Chad Barson            ; D      ; 20     ; 18     ; 1612   ; 0      ; 1      ; 3      ; 0      ; 0      ; 0; 0    ; 0      ; 0      ; 0.00; 0.0
Tyson Wahl             ; D      ; 25     ; 24     ; 2155   ; 0      ; 1      ; 3      ; 2      ; 0      ; 0; 0    ; 0      ; 0      ; 0.00; 0.0
Aaron Horton           ; F      ; 0      ; 0      ; 0      ; 0      ; 0      ; 0      ; 0      ; 0      ; 0; 0    ; 0      ; 0      ; 0.00; 0.0
Daniel Withrow         ; GK     ; 0      ; 0      ; 0      ; 0      ; 0      ; 0      ; 0      ; 0      ; 0; 0    ; 0      ; 0      ; 0.00; 0.0
Drew Beckie            ; D      ; 0      ; 0      ; 0      ; 0      ; 0      ; 0      ; 0      ; 0      ; 0; 0    ; 0      ; 0      ; 0.00; 0.0
Kyle Hyland            ; D-M    ; 0      ; 0      ; 0      ; 0      ; 0      ; 0      ; 0      ; 0      ; 0; 0    ; 0      ; 0      ; 0.00; 0.0
Shawn Sloan            ; M      ; 0      ; 0      ; 0      ; 0      ; 0      ; 0      ; 0      ; 0      ; 0; 0    ; 0      ; 0      ; 0.00; 0.0
Konrad Warzycha        ; M      ; 13     ; 2      ; 272    ; 0      ; 0      ; 10     ; 0      ; 0      ; 0; 0    ; 0      ; 0      ; 0.00; 0.0
Ethan Finlay           ; F      ; 19     ; 3      ; 391    ; 0      ; 0      ; 4      ; 2      ; 0      ; 0; 0    ; 0      ; 0      ; 0.00; 0.0
Kevan George           ; M      ; 11     ; 3      ; 435    ; 0      ; 0      ; 3      ; 1      ; 0      ; 0; 0    ; 0      ; 0      ; 0.00; 0.0
Eric Gehrig            ; D      ; 6      ; 6      ; 540    ; 0      ; 0      ; 2      ; 1      ; 0      ; 0; 0    ; 0      ; 0      ; 0.00; 0.0
Matt Lampson           ; GK     ; 13     ; 13     ; 1170   ; 0      ; 0      ; 0      ; 0      ; 0      ; 0; 0    ; 0      ; 0      ; 0.00; 0.0
Agustin Viana          ; M-D    ; 20     ; 20     ; 1519   ; 0      ; 0      ; 12     ; 1      ; 0      ; 0; 0    ; 0      ; 0      ; 0.00; 0.0
Danny O'Rourke         ; M      ; 22     ; 19     ; 1723   ; 0      ; 0      ; 3      ; 0      ; 0      ; 0; 0    ; 0      ; 0      ; 0.00; 0.0
Andy Gruenebaum        ; GK     ; 21     ; 21     ; 1890   ; 0      ; 0      ; 0      ; 0      ; 0      ; 0; 0    ; 0      ; 0      ; 0.00; 0.0

Team: DC United

Luis Silva             ; F-M    ; 13     ; 13     ; 1042   ; 3      ; 2      ; 25     ; 8      ; 0      ; 0; 0    ; 2      ; 1      ; 0.26; 12.0
Dwayne De Rosario      ; M      ; 24     ; 17     ; 1603   ; 3      ; 2      ; 59     ; 22     ; 0      ; 1; 2    ; 2      ; 1      ; 0.17; 5.1
Kyle Porter            ; M      ; 27     ; 18     ; 1594   ; 3      ; 1      ; 41     ; 13     ; 0      ; 0; 0    ; 3      ; 0      ; 0.17; 7.3
Chris Pontius          ; M-F    ; 22     ; 19     ; 1754   ; 2      ; 3      ; 40     ; 11     ; 1      ; 1; 1    ; 2      ; 0      ; 0.10; 5.0
Conor Doyle            ; F      ; 14     ; 8      ; 805    ; 2      ; 1      ; 23     ; 11     ; 1      ; 0; 0    ; 1      ; 1      ; 0.22; 8.7
Nick DeLeon            ; M      ; 25     ; 23     ; 1912   ; 2      ; 1      ; 37     ; 13     ; 0      ; 0; 0    ; 1      ; 1      ; 0.09; 5.4
Jared Jeffrey          ; M      ; 10     ; 10     ; 796    ; 2      ; 0      ; 16     ; 5      ; 0      ; 0; 0    ; 1      ; 1      ; 0.23; 12.5
Lionard Pajoy          ; F      ; 20     ; 11     ; 1130   ; 2      ; 0      ; 21     ; 5      ; 1      ; 0; 0    ; 2      ; 0      ; 0.16; 9.5
Perry Kitchen          ; M      ; 31     ; 31     ; 2773   ; 1      ; 4      ; 10     ; 3      ; 0      ; 0; 0    ; 1      ; 0      ; 0.03; 10.0
Rafael Teixeira        ; F      ; 7      ; 4      ; 331    ; 1      ; 0      ; 7      ; 2      ; 0      ; 0; 0    ; 1      ; 0      ; 0.27; 14.3
Collin Martin          ; M      ; 7      ; 4      ; 359    ; 0      ; 1      ; 6      ; 1      ; 0      ; 0; 0    ; 0      ; 0      ; 0.00; 0.0
Lewis Neal             ; M      ; 9      ; 5      ; 491    ; 0      ; 1      ; 8      ; 3      ; 0      ; 0; 0    ; 0      ; 0      ; 0.00; 0.0
Brandon McDonald       ; D      ; 12     ; 11     ; 965    ; 0      ; 1      ; 12     ; 4      ; 0      ; 0; 0    ; 0      ; 0      ; 0.00; 0.0
John Thorrington       ; M      ; 14     ; 12     ; 1052   ; 0      ; 1      ; 12     ; 4      ; 0      ; 0; 0    ; 0      ; 0      ; 0.00; 0.0
James Riley            ; D-F    ; 21     ; 19     ; 1760   ; 0      ; 1      ; 7      ; 3      ; 0      ; 0; 0    ; 0      ; 0      ; 0.00; 0.0
Daniel Woolard         ; D      ; 27     ; 27     ; 2235   ; 0      ; 1      ; 5      ; 3      ; 0      ; 0; 0    ; 0      ; 0      ; 0.00; 0.0
Andrew Dykstra         ; GK     ; 0      ; 0      ; 0      ; 0      ; 0      ; 0      ; 0      ; 0      ; 0; 0    ; 0      ; 0      ; 0.00; 0.0
Syamsir Alam           ; M-F    ; 0      ; 0      ; 0      ; 0      ; 0      ; 0      ; 0      ; 0      ; 0; 0    ; 0      ; 0      ; 0.00; 0.0
Robbie Russell         ; D      ; 1      ; 0      ; 6      ; 0      ; 0      ; 0      ; 0      ; 0      ; 0; 0    ; 0      ; 0      ; 0.00; 0.0
Michael Seaton         ; F      ; 3      ; 1      ; 114    ; 0      ; 0      ; 0      ; 0      ; 0      ; 0; 0    ; 0      ; 0      ; 0.00; 0.0
Casey Townsend         ; F      ; 9      ; 3      ; 316    ; 0      ; 0      ; 4      ; 1      ; 0      ; 0; 0    ; 0      ; 0      ; 0.00; 0.0
Conor Shanosky         ; M-D    ; 5      ; 3      ; 355    ; 0      ; 0      ; 2      ; 0      ; 0      ; 0; 0    ; 0      ; 0      ; 0.00; 0.0
Dennis Iapichino       ; D      ; 6      ; 4      ; 382    ; 0      ; 0      ; 2      ; 0      ; 0      ; 0; 0    ; 0      ; 0      ; 0.00; 0.0
Raphael Augusto        ; M      ; 7      ; 5      ; 395    ; 0      ; 0      ; 3      ; 1      ; 0      ; 0; 0    ; 0      ; 0      ; 0.00; 0.0
Alain Rochat           ; D      ; 5      ; 4      ; 404    ; 0      ; 0      ; 4      ; 0      ; 0      ; 0; 0    ; 0      ; 0      ; 0.00; 0.0
Marcelo Saragosa       ; M      ; 8      ; 4      ; 410    ; 0      ; 0      ; 1      ; 0      ; 0      ; 0; 0    ; 0      ; 0      ; 0.00; 0.0
Marcos Sanchez         ; M      ; 9      ; 6      ; 508    ; 0      ; 0      ; 6      ; 0      ; 0      ; 0; 0    ; 0      ; 0      ; 0.00; 0.0
Carlos Ruiz            ; F      ; 13     ; 5      ; 528    ; 0      ; 0      ; 20     ; 9      ; 0      ; 0; 0    ; 0      ; 0      ; 0.00; 0.0
Taylor Kemp            ; D      ; 8      ; 6      ; 530    ; 0      ; 0      ; 1      ; 0      ; 0      ; 0; 0    ; 0      ; 0      ; 0.00; 0.0
Sainey Nyassi          ; M      ; 14     ; 7      ; 676    ; 0      ; 0      ; 10     ; 1      ; 0      ; 0; 0    ; 0      ; 0      ; 0.00; 0.0
Joe Willis             ; GK     ; 9      ; 9      ; 810    ; 0      ; 0      ; 0      ; 0      ; 0      ; 0; 0    ; 0      ; 0      ; 0.00; 0.0
Ethan White            ; D      ; 14     ; 13     ; 1099   ; 0      ; 0      ; 4      ; 0      ; 0      ; 0; 0    ; 0      ; 0      ; 0.00; 0.0
Dejan Jakovic          ; D      ; 18     ; 17     ; 1575   ; 0      ; 0      ; 1      ; 0      ; 0      ; 0; 0    ; 0      ; 0      ; 0.00; 0.0
Bill Hamid             ; GK     ; 25     ; 25     ; 2250   ; 0      ; 0      ; 1      ; 0      ; 0      ; 0; 0    ; 0      ; 0      ; 0.00; 0.0
Chris Korb             ; D      ; 30     ; 30     ; 2700   ; 0      ; 0      ; 12     ; 2      ; 0      ; 0; 0    ; 0      ; 0      ; 0.00; 0.0


Team: FC Dallas

Blas Perez             ; F      ; 25     ; 21     ; 2019   ; 11     ; 3      ; 56     ; 29     ; 1      ; 0; 0    ; 5      ; 6      ; 0.49;    19.6
Kenny Cooper           ; F      ; 31     ; 19     ; 1741   ; 6      ; 1      ; 45     ; 21     ; 1      ; 2; 3    ; 4      ; 2      ; 0.31;    13.3
David Ferreira         ; M      ; 30     ; 26     ; 2419   ; 3      ; 9      ; 32     ; 10     ; 1      ; 0; 0    ; 0      ; 3      ; 0.11;    9.4
Michel                 ; M-D    ; 31     ; 26     ; 2284   ; 3      ; 8      ; 29     ; 10     ; 0      ; 1; 1    ; 2      ; 1      ; 0.12;    10.3
Jackson                ; M      ; 30     ; 29     ; 2375   ; 3      ; 3      ; 61     ; 17     ; 1      ; 0; 0    ; 3      ; 0      ; 0.11;    4.9
Mauro Diaz             ; M      ; 10     ; 5      ; 423    ; 3      ; 2      ; 11     ; 6      ; 1      ; 0; 0    ; 2      ; 1      ; 0.64;    27.3
Andrew Jacobson        ; M      ; 27     ; 27     ; 2292   ; 3      ; 1      ; 40     ; 9      ; 0      ; 0; 0    ; 2      ; 1      ; 0.12;    7.5
Matt Hedges            ; D      ; 33     ; 32     ; 2793   ; 3      ; 0      ; 13     ; 4      ; 1      ; 0; 0    ; 2      ; 1      ; 0.10;    23.1
Fabian Castillo        ; M      ; 33     ; 26     ; 2176   ; 2      ; 6      ; 45     ; 16     ; 2      ; 0; 0    ; 2      ; 0      ; 0.08;    4.4
Je-Vaughn Watson       ; M      ; 24     ; 15     ; 1372   ; 2      ; 2      ; 20     ; 10     ; 1      ; 0; 0    ; 2      ; 0      ; 0.13;    10.0
Walker Zimmerman       ; D      ; 7      ; 4      ; 411    ; 2      ; 0      ; 4      ; 3      ; 0      ; 0; 0    ; 1      ; 1      ; 0.44;    50.0
George John            ; D      ; 24     ; 24     ; 2070   ; 2      ; 0      ; 13     ; 5      ; 1      ; 0; 0    ; 2      ; 0      ; 0.09;    15.4
Ramon Nunez            ; M      ; 10     ; 0      ; 253    ; 1      ; 3      ; 11     ; 3      ; 0      ; 0; 0    ; 0      ; 1      ; 0.36;    9.1
Jair Benitez           ; D      ; 31     ; 28     ; 2473   ; 1      ; 1      ; 7      ; 1      ; 0      ; 0; 0    ; 1      ; 0      ; 0.04;    14.3
Stephen Keel           ; D      ; 8      ; 5      ; 497    ; 1      ; 0      ; 3      ; 1      ; 0      ; 0; 0    ; 0      ; 1      ; 0.18;    33.3
Eric Hassli            ; F      ; 15     ; 4      ; 429    ; 0      ; 1      ; 16     ; 4      ; 0      ; 0; 0    ; 0      ; 0      ; 0.00;    0.0
Jesse Gonzalez         ; GK     ; 0      ; 0      ; 0      ; 0      ; 0      ; 0      ; 0      ; 0      ; 0; 0    ; 0      ; 0      ; 0.00;    0.0
Jonathan Top           ; F      ; 0      ; 0      ; 0      ; 0      ; 0      ; 0      ; 0      ; 0      ; 0; 0    ; 0      ; 0      ; 0.00;    0.0
Kyle Zobeck            ; GK     ; 0      ; 0      ; 0      ; 0      ; 0      ; 0      ; 0      ; 0      ; 0; 0    ; 0      ; 0      ; 0.00;    0.0
Moises Hernandez       ; D      ; 0      ; 0      ; 0      ; 0      ; 0      ; 0      ; 0      ; 0      ; 0; 0    ; 0      ; 0      ; 0.00;    0.0
Richard Sanchez        ; GK     ; 0      ; 0      ; 0      ; 0      ; 0      ; 0      ; 0      ; 0      ; 0; 0    ; 0      ; 0      ; 0.00;    0.0
Ugo Ihemelu            ; D      ; 0      ; 0      ; 0      ; 0      ; 0      ; 0      ; 0      ; 0      ; 0; 0    ; 0      ; 0      ; 0.00;    0.0
Victor Ulloa           ; M      ; 0      ; 0      ; 0      ; 0      ; 0      ; 0      ; 0      ; 0      ; 0; 0    ; 0      ; 0      ; 0.00;    0.0
Bradlee Baladez        ; M-F    ; 1      ; 0      ; 27     ; 0      ; 0      ; 0      ; 0      ; 0      ; 0; 0    ; 0      ; 0      ; 0.00;    0.0
Bobby Warshaw          ; D      ; 9      ; 1      ; 130    ; 0      ; 0      ; 2      ; 0      ; 0      ; 0; 0    ; 0      ; 0      ; 0.00;    0.0
Peter Luccin           ; M      ; 3      ; 2      ; 201    ; 0      ; 0      ; 2      ; 0      ; 0      ; 0; 0    ; 0      ; 0      ; 0.00;    0.0
London Woodberry       ; D      ; 8      ; 3      ; 363    ; 0      ; 0      ; 1      ; 1      ; 0      ; 0; 0    ; 0      ; 0      ; 0.00;    0.0
Erick                  ; M      ; 9      ; 8      ; 652    ; 0      ; 0      ; 7      ; 0      ; 0      ; 0; 0    ; 0      ; 0      ; 0.00;    0.0
Chris Seitz            ; GK     ; 8      ; 8      ; 720    ; 0      ; 0      ; 0      ; 0      ; 0      ; 0; 0    ; 0      ; 0      ; 0.00;    0.0
Kellyn Acosta          ; D-M    ; 13     ; 11     ; 1004   ; 0      ; 0      ; 6      ; 0      ; 0      ; 0; 0    ; 0      ; 0      ; 0.00;    0.0
Zach Loyd              ; D      ; 25     ; 24     ; 2132   ; 0      ; 0      ; 5      ; 2      ; 0      ; 0; 0    ; 0      ; 0      ; 0.00;    0.0
Raul Fernandez         ; GK     ; 26     ; 26     ; 2340   ; 0      ; 0      ; 1      ; 0      ; 0      ; 0; 0    ; 0      ; 0      ; 0.00;    0.0


Team: Houston Dynamo

Giles Barnes           ; F      ; 33     ; 32     ; 2561   ; 9      ; 4      ; 94     ; 29     ; 3      ; 0; 1    ; 7      ; 2      ; 0.32;    9.6
Will Bruin             ; F      ; 30     ; 30     ; 2596   ; 8      ; 7      ; 98     ; 30     ; 3      ; 0; 0    ; 5      ; 3      ; 0.28;    8.2
Brad Davis             ; M      ; 26     ; 25     ; 2204   ; 4      ; 9      ; 40     ; 19     ; 1      ; 1; 2    ; 2      ; 2      ; 0.16;    10.0
Ricardo Clark          ; M      ; 30     ; 29     ; 2517   ; 4      ; 4      ; 46     ; 11     ; 3      ; 0; 0    ; 3      ; 1      ; 0.14;    8.7
Boniek Garcia          ; M      ; 22     ; 21     ; 1899   ; 3      ; 6      ; 18     ; 5      ; 0      ; 2; 2    ; 2      ; 1      ; 0.14;    16.7
Warren Creavalle       ; M      ; 27     ; 17     ; 1629   ; 3      ; 1      ; 22     ; 7      ; 1      ; 0; 0    ; 1      ; 2      ; 0.17;    13.6
Andrew Driver          ; M      ; 26     ; 20     ; 1694   ; 3      ; 1      ; 24     ; 11     ; 1      ; 0; 0    ; 0      ; 3      ; 0.16;    12.5
Adam Moffat            ; M      ; 26     ; 24     ; 1947   ; 3      ; 1      ; 28     ; 4      ; 1      ; 0; 0    ; 0      ; 3      ; 0.14;    10.7
Cam Weaver             ; F      ; 22     ; 6      ; 709    ; 2      ; 0      ; 21     ; 5      ; 0      ; 0; 0    ; 2      ; 0      ; 0.25;    9.5
Jason Johnson          ; F      ; 13     ; 4      ; 428    ; 1      ; 0      ; 17     ; 9      ; 0      ; 0; 0    ; 1      ; 0      ; 0.21;    5.9
Kofi Sarkodie          ; D      ; 33     ; 33     ; 2948   ; 0      ; 4      ; 12     ; 2      ; 0      ; 0; 0    ; 0      ; 0      ; 0.00;    0.0
Corey Ashe             ; D      ; 30     ; 29     ; 2585   ; 0      ; 2      ; 6      ; 1      ; 0      ; 0; 0    ; 0      ; 0      ; 0.00;    0.0
Alexander Lopez        ; M      ; 2      ; 1      ; 88     ; 0      ; 1      ; 1      ; 1      ; 0      ; 0; 0    ; 0      ; 0      ; 0.00;    0.0
Brian Ching            ; F      ; 14     ; 0      ; 232    ; 0      ; 1      ; 5      ; 2      ; 0      ; 0; 0    ; 0      ; 0      ; 0.00;    0.0
Jermaine Taylor        ; D      ; 26     ; 26     ; 2142   ; 0      ; 1      ; 8      ; 0      ; 0      ; 0; 0    ; 0      ; 0      ; 0.00;    0.0
Bobby Boswell          ; D      ; 32     ; 32     ; 2830   ; 0      ; 1      ; 16     ; 3      ; 0      ; 0; 0    ; 0      ; 0      ; 0.00;    0.0
Bryan Salazar          ; F      ; 0      ; 0      ; 0      ; 0      ; 0      ; 0      ; 0      ; 0      ; 0; 0    ; 0      ; 0      ; 0.00;    0.0
Calen Carr             ; F      ; 0      ; 0      ; 0      ; 0      ; 0      ; 0      ; 0      ; 0      ; 0; 0    ; 0      ; 0      ; 0.00;    0.0
Erich Marscheider      ; GK     ; 0      ; 0      ; 0      ; 0      ; 0      ; 0      ; 0      ; 0      ; 0; 0    ; 0      ; 0      ; 0.00;    0.0
Tyler Deric            ; GK     ; 0      ; 0      ; 0      ; 0      ; 0      ; 0      ; 0      ; 0      ; 0; 0    ; 0      ; 0      ; 0.00;    0.0
Alex Dixon             ; M      ; 2      ; 0      ; 19     ; 0      ; 0      ; 0      ; 0      ; 0      ; 0; 0    ; 0      ; 0      ; 0.00;    0.0
Servando Carrasco      ; M      ; 3      ; 0      ; 26     ; 0      ; 0      ; 0      ; 0      ; 0      ; 0; 0    ; 1      ; 0      ; 0.00;    0.0
Brian Ownby            ; F      ; 3      ; 0      ; 52     ; 0      ; 0      ; 3      ; 1      ; 0      ; 0; 0    ; 0      ; 0      ; 0.00;    0.0
Anthony Arena          ; D      ; 1      ; 0      ; 70     ; 0      ; 0      ; 0      ; 0      ; 0      ; 0; 0    ; 0      ; 0      ; 0.00;    0.0
Luiz Camargo           ; M      ; 7      ; 0      ; 108    ; 0      ; 0      ; 1      ; 0      ; 0      ; 0; 0    ; 0      ; 0      ; 0.00;    0.0
Mike Chabala           ; D      ; 4      ; 1      ; 158    ; 0      ; 0      ; 2      ; 0      ; 0      ; 0; 0    ; 0      ; 0      ; 0.00;    0.0
Omar Cummings          ; F      ; 11     ; 1      ; 190    ; 0      ; 0      ; 8      ; 3      ; 0      ; 0; 0    ; 0      ; 0      ; 0.00;    0.0
Eric Brunner           ; D      ; 13     ; 9      ; 889    ; 0      ; 0      ; 2      ; 0      ; 0      ; 0; 0    ; 0      ; 0      ; 0.00;    0.0
Tally Hall             ; GK     ; 34     ; 34     ; 3060   ; 0      ; 0      ; 0      ; 0      ; 0      ; 0; 0    ; 0      ; 0      ; 0.00;    0.0

Team: Los Angeles Galaxy

Robbie Keane     ; F    ; 23     ; 22     ; 1980   ; 16     ; 11     ; 65     ; 29     ; 3      ; 5; 5    ; 13     ; 3      ; 0.73   ; 24.6
Landon Donovan   ; M-F  ; 22     ; 21     ; 1874   ; 10     ; 9      ; 38     ; 19     ; 2      ; 0; 2    ; 4      ; 6      ; 0.48   ; 26.3
Mike Magee       ; M    ; 10     ; 10     ; 892    ; 6      ; 0      ; 36     ; 13     ; 3      ; 1; 1    ; 13     ; 8      ; 0.61   ; 16.7
Marcelo Sarvas   ; M    ; 33     ; 33     ; 2897   ; 4      ; 6      ; 53     ; 15     ; 2      ; 0; 0    ; 2      ; 2      ; 0.12   ; 7.5
Gyasi Zardes     ; F    ; 27     ; 23     ; 2170   ; 4      ; 4      ; 78     ; 23     ; 2      ; 0; 0    ; 2      ; 2      ; 0.17   ; 5.1
Hector Jimenez   ; M    ; 26     ; 14     ; 1178   ; 3      ; 4      ; 20     ; 7      ; 0      ; 0; 0    ; 1      ; 2      ; 0.23   ; 15.0
Jose Villarreal  ; F    ; 22     ; 12     ; 1109   ; 2      ; 1      ; 37     ; 12     ; 0      ; 0; 0    ; 1      ; 1      ; 0.16   ; 5.4
Sean Franklin    ; D    ; 33     ; 29     ; 2736   ; 1      ; 4      ; 15     ; 3      ; 1      ; 0; 0    ; 1      ; 0      ; 0.03   ; 6.7
Juninho          ; M    ; 32     ; 32     ; 2770   ; 1      ; 4      ; 50     ; 14     ; 0      ; 0; 0    ; 1      ; 0      ; 0.03   ; 2.0
Jack McBean      ; F    ; 15     ; 7      ; 554    ; 1      ; 2      ; 19     ; 8      ; 0      ; 0; 0    ; 1      ; 0      ; 0.16   ; 5.3
Omar Gonzalez    ; D    ; 27     ; 27     ; 2368   ; 1      ; 2      ; 19     ; 4      ; 1      ; 0; 0    ; 1      ; 0      ; 0.04   ; 5.3
Michael Stephens ; M    ; 21     ; 8      ; 775    ; 1      ; 1      ; 3      ; 1      ; 0      ; 0; 0    ; 0      ; 1      ; 0.12   ; 33.3
Charlie Rugg     ; F    ; 4      ; 2      ; 151    ; 1      ; 0      ; 2      ; 1      ; 0      ; 0; 0    ; 0      ; 1      ; 0.60   ; 50.0
Kofi Opare       ; D    ; 6      ; 6      ; 534    ; 1      ; 0      ; 2      ; 1      ; 1      ; 0; 0    ; 1      ; 0      ; 0.17   ; 50.0
Todd Dunivant    ; D    ; 25     ; 25     ; 2228   ; 0      ; 2      ; 8      ; 3      ; 0      ; 0; 0    ; 0      ; 0      ; 0.00   ; 0.0
Laurent Courtois ; M    ; 6      ; 0      ; 83     ; 0      ; 1      ; 4      ; 1      ; 0      ; 0; 0    ; 1      ; 0      ; 0.00   ; 0.0
Pablo Mastroeni  ; M    ; 9      ; 3      ; 266    ; 0      ; 1      ; 1      ; 0      ; 0      ; 0; 0    ; 0      ; 0      ; 0.00   ; 0.0
Robbie Rogers    ; M-F  ; 11     ; 7      ; 602    ; 0      ; 1      ; 18     ; 6      ; 0      ; 0; 0    ; 0      ; 0      ; 0.00   ; 0.0
Brian Perk       ; GK   ; 0      ; 0      ; 0      ; 0      ; 0      ; 0      ; 0      ; 0      ; 0; 0    ; 0      ; 0      ; 0.00   ; 0.0
Bryan Gaul       ; D    ; 0      ; 0      ; 0      ; 0      ; 0      ; 0      ; 0      ; 0      ; 0; 0    ; 0      ; 0      ; 0.00   ; 0.0
Chandler Hoffman ; F    ; 0      ; 0      ; 0      ; 0      ; 0      ; 0      ; 0      ; 0      ; 0; 0    ; 0      ; 0      ; 0.00   ; 0.0
Kenney Walker    ; M    ; 0      ; 0      ; 0      ; 0      ; 0      ; 0      ; 0      ; 0      ; 0; 0    ; 0      ; 0      ; 0.00   ; 0.0
Oscar Sorto      ; D    ; 0      ; 0      ; 0      ; 0      ; 0      ; 0      ; 0      ; 0      ; 0; 0    ; 0      ; 0      ; 0.00   ; 0.0
Rafael Garcia    ; M    ; 9      ; 1      ; 222    ; 0      ; 0      ; 1      ; 1      ; 0      ; 0; 0    ; 0      ; 0      ; 0.00   ; 0.0
Colin Clark      ; M    ; 11     ; 4      ; 334    ; 0      ; 0      ; 6      ; 2      ; 0      ; 0; 0    ; 0      ; 0      ; 0.00   ; 0.0
Brian Rowe       ; GK   ; 4      ; 4      ; 360    ; 0      ; 0      ; 0      ; 0      ; 0      ; 0; 0    ; 0      ; 0      ; 0.00   ; 0.0
Tommy Meyer      ; D    ; 7      ; 5      ; 494    ; 0      ; 0      ; 1      ; 0      ; 0      ; 0; 0    ; 0      ; 0      ; 0.00   ; 0.0
Jaime Penedo     ; GK   ; 9      ; 9      ; 810    ; 0      ; 0      ; 0      ; 0      ; 0      ; 0; 0    ; 0      ; 0      ; 0.00   ; 0.0
Greg Cochrane    ; D    ; 12     ; 9      ; 848    ; 0      ; 0      ; 5      ; 0      ; 0      ; 0; 0    ; 0      ; 0      ; 0.00   ; 0.0
Leonardo         ; D    ; 14     ; 12     ; 1106   ; 0      ; 0      ; 6      ; 3      ; 0      ; 0; 0    ; 0      ; 0      ; 0.00   ; 0.0
Carlo Cudicini   ; GK   ; 21     ; 21     ; 1890   ; 0      ; 0      ; 0      ; 0      ; 0      ; 0; 0    ; 0      ; 0      ; 0.00   ; 0.0
A.J. DeLaGarza   ; D    ; 28     ; 28     ; 2399   ; 0      ; 0      ; 2      ; 1      ; 0      ; 0; 0    ; 0      ; 0      ; 0.00   ; 0.0

Team: Montreal Impact

Marco Di Vaio        ; F        ; 33     ; 31    ;  2746   ; 20     ; 2      ; 118    ; 53     ; 5     ;  0; 0   ;  15    ;  5     ;  0.66   ; 16.9
Felipe Martins       ; M        ; 32     ; 28    ;  2350   ; 5      ; 8      ; 55     ; 24     ; 2     ;  0; 0   ;  3     ;  2     ;  0.19   ; 9.1
Patrice Bernier      ; M        ; 31     ; 28    ;  2474   ; 4      ; 8      ; 23     ; 7      ; 0     ;  4; 4   ;  2     ;  2     ;  0.15   ; 17.4
Hassoun Camara       ; D        ; 32     ; 32    ;  2874   ; 3      ; 3      ; 20     ; 6      ; 0     ;  0; 0   ;  1     ;  2     ;  0.09   ; 15.0
Justin Mapp          ; M        ; 27     ; 25    ;  2137   ; 2      ; 8      ; 34     ; 15     ; 0     ;  0; 0   ;  0     ;  2     ;  0.08   ; 5.9
Andres Romero        ; M        ; 30     ; 20    ;  1672   ; 2      ; 2      ; 18     ; 7      ; 1     ;  0; 0   ;  1     ;  1     ;  0.11   ; 11.1
Jeb Brovsky          ; D        ; 30     ; 29    ;  2610   ; 2      ; 2      ; 14     ; 6      ; 0     ;  0; 0   ;  1     ;  1     ;  0.07   ; 14.3
Blake Smith          ; M        ; 16     ; 0     ;  276    ; 2      ; 1      ; 7      ; 3      ; 1     ;  0; 0   ;  2     ;  0     ;  0.65   ; 28.6
Daniele Paponi       ; F        ; 16     ; 8     ;  800    ; 2      ; 1      ; 29     ; 11     ; 0     ;  0; 0   ;  2     ;  0     ;  0.23   ; 6.9
Davy Arnaud          ; M        ; 24     ; 21    ;  1766   ; 1      ; 5      ; 13     ; 6      ; 1     ;  0; 0   ;  0     ;  1     ;  0.05   ; 7.7
Andrew Wenger        ; F        ; 24     ; 8     ;  853    ; 1      ; 3      ; 24     ; 8      ; 1     ;  0; 0   ;  1     ;  0     ;  0.11   ; 4.2
Maxim Tissot         ; D        ; 6      ; 3     ;  303    ; 1      ; 1      ; 2      ; 2      ; 0     ;  0; 0   ;  0     ;  1     ;  0.30   ; 50.0
Andrea Pisanu        ; M        ; 14     ; 8     ;  631    ; 1      ; 1      ; 10     ; 4      ; 0     ;  0; 0   ;  1     ;  0     ;  0.14   ; 10.0
Sanna Nyassi         ; M        ; 22     ; 11    ;  1162   ; 1      ; 1      ; 20     ; 9      ; 0     ;  0; 0   ;  0     ;  1     ;  0.08   ; 5.0
Matteo Ferrari       ; D        ; 31     ; 31    ;  2790   ; 1      ; 1      ; 8      ; 2      ; 1     ;  0; 0   ;  1     ;  0     ;  0.03   ; 12.5
Karl Ouimette        ; D        ; 7      ; 6     ;  547    ; 1      ; 0      ; 5      ; 1      ; 1     ;  0; 0   ;  1     ;  0     ;  0.16   ; 20.0
Collen Warner        ; M        ; 17     ; 9     ;  876    ; 1      ; 0      ; 10     ; 3      ; 1     ;  0; 0   ;  0     ;  1     ;  0.10   ; 10.0
Wandrille Lefevre    ; M        ; 6      ; 4     ;  397    ; 0      ; 1      ; 2      ; 1      ; 0     ;  0; 0   ;  0     ;  0     ;  0.00   ; 0.0
Alessandro Nesta     ; D        ; 23     ; 23    ;  1939   ; 0      ; 1      ; 2      ; 0      ; 0     ;  0; 0   ;  0     ;  0     ;  0.00   ; 0.0
Adrian Lopez         ; D        ; 0      ; 0     ;  0      ; 0      ; 0      ; 0      ; 0      ; 0     ;  0; 0   ;  0     ;  0     ;  0.00   ; 0.0
Maxime Crepeau       ; GK       ; 0      ; 0     ;  0      ; 0      ; 0      ; 0      ; 0      ; 0     ;  0; 0   ;  0     ;  0     ;  0.00   ; 0.0
Maximiliano Rodriguez; M        ; 0      ; 0     ;  0      ; 0      ; 0      ; 0      ; 0      ; 0     ;  0; 0   ;  0     ;  0     ;  0.00   ; 0.0
Nelson Rivas         ; D        ; 0      ; 0     ;  0      ; 0      ; 0      ; 0      ; 0      ; 0     ;  0; 0   ;  0     ;  0     ;  0.00   ; 0.0
Paolo DelPiccolo     ; M        ; 0      ; 0     ;  0      ; 0      ; 0      ; 0      ; 0      ; 0     ;  0; 0   ;  0     ;  0     ;  0.00   ; 0.0
Zakaria Messoudi     ; M        ; 0      ; 0     ;  0      ; 0      ; 0      ; 0      ; 0      ; 0     ;  0; 0   ;  0     ;  0     ;  0.00   ; 0.0
Zarek Valentin       ; D        ; 0      ; 0     ;  0      ; 0      ; 0      ; 0      ; 0      ; 0     ;  0; 0   ;  0     ;  0     ;  0.00   ; 0.0
Sinisa Ubiparipovic  ; F-M      ; 1      ; 0     ;  5      ; 0      ; 0      ; 0      ; 0      ; 0     ;  0; 0   ;  0     ;  0     ;  0.00   ; 0.0
Calum Mallace        ; M        ; 2      ; 0     ;  36     ; 0      ; 0      ; 0      ; 0      ; 0     ;  0; 0   ;  0     ;  0     ;  0.00   ; 0.0
Evan Bush            ; GK       ; 1      ; 1     ;  90     ; 0      ; 0      ; 0      ; 0      ; 0     ;  0; 0   ;  0     ;  0     ;  0.00   ; 0.0
Hernan Bernardello   ; M        ; 8      ; 8     ;  626    ; 0      ; 0      ; 2      ; 0      ; 0     ;  0; 0   ;  0     ;  0     ;  0.00   ; 0.0
Dennis Iapichino     ; D        ; 9      ; 7     ;  714    ; 0      ; 0      ; 1      ; 0      ; 0     ;  0; 0   ;  0     ;  0     ;  0.00   ; 0.0
Troy Perkins         ; GK       ; 33     ; 33    ;  2970   ; 0      ; 0      ; 0      ; 0      ; 0     ;  0; 0   ;  0     ;  0     ;  0.00   ; 0.0


Team: New England Revolution

Diego Fagundez         ; M-F  ; 31     ; 28     ; 2427   ; 13     ; 7      ; 55     ; 29     ; 5      ; 0; 0    ; 8      ; 5      ; 0.48   ; 23.6
Kelyn Rowe             ; M    ; 33     ; 26     ; 2528   ; 7      ; 8      ; 74     ; 21     ; 0      ; 0; 0    ; 5      ; 2      ; 0.25   ; 9.5
Juan Agudelo           ; F    ; 14     ; 11     ; 1021   ; 7      ; 1      ; 23     ; 11     ; 3      ; 0; 0    ; 5      ; 4      ; 0.62   ; 30.4
Saer Sene              ; M    ; 24     ; 14     ; 1218   ; 5      ; 5      ; 41     ; 18     ; 2      ; 0; 1    ; 4      ; 1      ; 0.37   ; 12.2
Lee Nguyen             ; M    ; 33     ; 32     ; 2838   ; 4      ; 7      ; 56     ; 22     ; 1      ; 2; 3    ; 3      ; 1      ; 0.13   ; 7.1
Dimitry Imbongo        ; F    ; 21     ; 11     ; 1041   ; 3      ; 4      ; 30     ; 10     ; 0      ; 0; 0    ; 1      ; 2      ; 0.26   ; 10.0
Chad Barrett           ; F    ; 19     ; 8      ; 622    ; 2      ; 2      ; 11     ; 5      ; 0      ; 0; 0    ; 1      ; 1      ; 0.29   ; 18.2
Jose Goncalves         ; D    ; 34     ; 34     ; 3060   ; 2      ; 0      ; 9      ; 6      ; 2      ; 0; 0    ; 0      ; 2      ; 0.06   ; 22.2
Chris Tierney          ; D-M  ; 29     ; 26     ; 2352   ; 1      ; 5      ; 19     ; 3      ; 0      ; 1; 1    ; 1      ; 0      ; 0.04   ; 5.3
Ryan Guy               ; M    ; 11     ; 8      ; 636    ; 1      ; 0      ; 10     ; 2      ; 0      ; 0; 0    ; 1      ; 0      ; 0.14   ; 10.0
Juan Toja              ; M    ; 18     ; 11     ; 905    ; 1      ; 0      ; 12     ; 3      ; 0      ; 0; 0    ; 0      ; 1      ; 0.10   ; 8.3
Jerry Bengtson         ; F    ; 16     ; 12     ; 1055   ; 1      ; 0      ; 20     ; 8      ; 1      ; 0; 0    ; 0      ; 1      ; 0.09   ; 5.0
A.J. Soares            ; D    ; 18     ; 17     ; 1476   ; 1      ; 0      ; 5      ; 1      ; 0      ; 0; 0    ; 1      ; 0      ; 0.06   ; 20.0
Scott Caldwell         ; M    ; 29     ; 23     ; 2174   ; 0      ; 2      ; 6      ; 1      ; 0      ; 0; 0    ; 0      ; 0      ; 0.00   ; 0.0
Andy Dorman            ; M    ; 12     ; 3      ; 400    ; 0      ; 1      ; 5      ; 2      ; 0      ; 0; 0    ; 0      ; 0      ; 0.00   ; 0.0
Darrius Barnes         ; D    ; 6      ; 4      ; 416    ; 0      ; 1      ; 1      ; 0      ; 0      ; 0; 0    ; 0      ; 0      ; 0.00   ; 0.0
Clyde Simms            ; M    ; 10     ; 9      ; 668    ; 0      ; 1      ; 0      ; 0      ; 0      ; 0; 0    ; 0      ; 0      ; 0.00   ; 0.0
Andrew Farrell         ; D    ; 32     ; 32     ; 2813   ; 0      ; 1      ; 9      ; 2      ; 0      ; 0; 0    ; 0      ; 0      ; 0.00   ; 0.0
Gabe Latigue           ; M    ; 0      ; 0      ; 0      ; 0      ; 0      ; 0      ; 0      ; 0      ; 0; 0    ; 0      ; 0      ; 0.00   ; 0.0
Luis Soffner           ; GK   ; 0      ; 0      ; 0      ; 0      ; 0      ; 0      ; 0      ; 0      ; 0; 0    ; 0      ; 0      ; 0.00   ; 0.0
Matt Horth             ; F    ; 0      ; 0      ; 0      ; 0      ; 0      ; 0      ; 0      ; 0      ; 0; 0    ; 0      ; 0      ; 0.00   ; 0.0
O'Brian Woodbine       ; D    ; 0      ; 0      ; 0      ; 0      ; 0      ; 0      ; 0      ; 0      ; 0; 0    ; 0      ; 0      ; 0.00   ; 0.0
Sainey Nyassi          ; M    ; 0      ; 0      ; 0      ; 0      ; 0      ; 0      ; 0      ; 0      ; 0; 0    ; 0      ; 0      ; 0.00   ; 0.0
Tyler Polak            ; D    ; 0      ; 0      ; 0      ; 0      ; 0      ; 0      ; 0      ; 0      ; 0; 0    ; 0      ; 0      ; 0.00   ; 0.0
Charlie Davies         ; F    ; 4      ; 0      ; 23     ; 0      ; 0      ; 0      ; 0      ; 0      ; 0; 0    ; 0      ; 0      ; 0.00   ; 0.0
Donnie Smith           ; F    ; 1      ; 1      ; 53     ; 0      ; 0      ; 0      ; 0      ; 0      ; 0; 0    ; 0      ; 0      ; 0.00   ; 0.0
Bilal Duckett          ; D    ; 1      ; 1      ; 90     ; 0      ; 0      ; 0      ; 0      ; 0      ; 0; 0    ; 0      ; 0      ; 0.00   ; 0.0
Kalifa Cisse           ; M    ; 6      ; 6      ; 456    ; 0      ; 0      ; 2      ; 1      ; 0      ; 0; 0    ; 0      ; 0      ; 0.00   ; 0.0
Kevin Alston           ; D    ; 9      ; 6      ; 523    ; 0      ; 0      ; 2      ; 1      ; 0      ; 0; 0    ; 0      ; 0      ; 0.00   ; 0.0
Matt Reis              ; GK   ; 12     ; 12     ; 995    ; 0      ; 0      ; 0      ; 0      ; 0      ; 0; 0    ; 0      ; 0      ; 0.00   ; 0.0
Stephen McCarthy       ; D    ; 19     ; 17     ; 1564   ; 0      ; 0      ; 8      ; 2      ; 0      ; 0; 0    ; 0      ; 0      ; 0.00   ; 0.0
Bobby Shuttleworth     ; GK   ;   23   ;   22   ;   2063 ;   0    ;   0    ;   0    ;   0    ;   0    ;   0; 0  ;   0    ;   0    ;   0.00 ;0.0

Team: New York Red Bulls

Tim Cahill             ; M    ;   27   ;   27   ;   2243 ;   11   ;   5    ;   55   ;   21   ;   5    ;   0; 0  ;   5    ;   6    ;   0.44 ;   20.0
Thierry Henry          ; F    ;   30   ;   27   ;   2519 ;   10   ;   9    ;   92   ;   29   ;   5    ;   0; 0  ;   8    ;   2    ;   0.36 ;   10.9
Fabian Espindola       ; F    ;   28   ;   23   ;   2054 ;   9    ;   2    ;   48   ;   26   ;   2    ;   2; 2  ;   6    ;   3    ;   0.39 ;   18.8
Jonny Steele           ; M    ;   33   ;   32   ;   2665 ;   5    ;   6    ;   46   ;   15   ;   0    ;   0; 0  ;   3    ;   2    ;   0.17 ;   10.9
Lloyd Sam              ; M    ;   22   ;   8    ;   814  ;   5    ;   1    ;   7    ;   5    ;   2    ;   0; 0  ;   2    ;   3    ;   0.55 ;   71.4
Dax McCarty            ; M    ;   30   ;   29   ;   2582 ;   4    ;   4    ;   17   ;   6    ;   1    ;   0; 0  ;   3    ;   1    ;   0.14 ;   23.5
Eric Alexander         ; M    ;   34   ;   30   ;   2504 ;   4    ;   2    ;   33   ;   9    ;   1    ;   0; 0  ;   2    ;   2    ;   0.14 ;   12.1
Jamison Olave          ; D    ;   29   ;   27   ;   2368 ;   4    ;   0    ;   11   ;   6    ;   0    ;   0; 0  ;   1    ;   3    ;   0.15 ;   36.4
Ibrahim Sekagya        ; D    ;   8    ;   8    ;   702  ;   2    ;   0    ;   3    ;   2    ;   0    ;   0; 0  ;   1    ;   1    ;   0.26 ;   66.7
Peguy Luyindula        ; F    ;   22   ;   9    ;   863  ;   1    ;   7    ;   21   ;   12   ;   0    ;   1; 1  ;   1    ;   0    ;   0.10 ;   4.8
Bradley Wright-Phillips; F    ;   7    ;   4    ;   337  ;   1    ;   1    ;   12   ;   6    ;   0    ;   0; 0  ;   0    ;   1    ;   0.27 ;   8.3
Brandon Barklage       ; D    ;   26   ;   20   ;   1723 ;   0    ;   5    ;   12   ;   3    ;   0    ;   0; 0  ;   0    ;   0    ;   0.00 ;   0.0
Juninho                ; M    ;   13   ;   10   ;   984  ;   0    ;   4    ;   19   ;   3    ;   0    ;   0; 0  ;   0    ;   0    ;   0.00 ;   0.0
Andre Akpan            ; F    ;   7    ;   1    ;   127  ;   0    ;   2    ;   4    ;   0    ;   0    ;   0; 0  ;   0    ;   0    ;   0.00 ;   0.0
Heath Pearce           ; D-M  ;   14   ;   11   ;   1083 ;   0    ;   2    ;   2    ;   1    ;   0    ;   0; 0  ;   0    ;   0    ;   0.00 ;   0.0
Kosuke Kimura          ; D    ;   24   ;   15   ;   1575 ;   0    ;   2    ;   2    ;   0    ;   0    ;   0; 0  ;   0    ;   0    ;   0.00 ;   0.0
Michael Bustamante     ; M    ;   4    ;   1    ;   95   ;   0    ;   1    ;   0    ;   0    ;   0    ;   0; 0  ;   0    ;   0    ;   0.00 ;   0.0
Ruben Bover            ; F    ;   7    ;   1    ;   125  ;   0    ;   1    ;   2    ;   0    ;   0    ;   0; 0  ;   0    ;   0    ;   0.00 ;   0.0
Roy Miller             ; D    ;   17   ;   16   ;   1367 ;   0    ;   1    ;   1    ;   0    ;   0    ;   0; 0  ;   0    ;   0    ;   0.00 ;   0.0
Markus Holgersson      ; D    ;   32   ;   32   ;   2866 ;   0    ;   1    ;   8    ;   1    ;   0    ;   0; 0  ;   0    ;   0    ;   0.00 ;   0.0
Luis Robles            ; GK   ;   34   ;   34   ;   3060 ;   0    ;   1    ;   0    ;   0    ;   0    ;   0; 0  ;   0    ;   0    ;   0.00 ;   0.0
Digao                  ; D    ;   0    ;   0    ;   0    ;   0    ;   0    ;   0    ;   0    ;   0    ;   0; 0  ;   0    ;   0    ;   0.00 ;   0.0
Ian Christianson       ; M    ;   0    ;   0    ;   0    ;   0    ;   0    ;   0    ;   0    ;   0    ;   0; 0  ;   0    ;   0    ;   0.00 ;   0.0
Kevin Hartman          ; GK   ;   0    ;   0    ;   0    ;   0    ;   0    ;   0    ;   0    ;   0    ;   0; 0  ;   0    ;   0    ;   0.00 ;   0.0
Rafhinha               ; F    ;   0    ;   0    ;   0    ;   0    ;   0    ;   0    ;   0    ;   0    ;   0; 0  ;   0    ;   0    ;   0.00 ;   0.0
Ryan Meara             ; GK   ;   0    ;   0    ;   0    ;   0    ;   0    ;   0    ;   0    ;   0    ;   0; 0  ;   0    ;   0    ;   0.00 ;   0.0
Santiago Castano       ; GK   ;   0    ;   0    ;   0    ;   0    ;   0    ;   0    ;   0    ;   0    ;   0; 0  ;   0    ;   0    ;   0.00 ;   0.0
Amando Moreno          ; F    ;   2    ;   0    ;   2    ;   0    ;   0    ;   0    ;   0    ;   0    ;   0; 0  ;   0    ;   0    ;   0.00 ;   0.0
Josue Martinez         ; F    ;   1    ;   0    ;   11   ;   0    ;   0    ;   0    ;   0    ;   0    ;   0; 0  ;   0    ;   0    ;   0.00 ;   0.0
Matt Miazga            ; D    ;   1    ;   0    ;   14   ;   0    ;   0    ;   0    ;   0    ;   0    ;   0; 0  ;   0    ;   0    ;   0.00 ;   0.0
Marius Obekop          ; M    ;   5    ;   0    ;   69   ;   0    ;   0    ;   2    ;   0    ;   0    ;   0; 0  ;   0    ;   0    ;   0.00 ;   0.0
Connor Lade            ; D    ;   5    ;   2    ;   166  ;   0    ;   0    ;   0    ;   0    ;   0    ;   0; 0  ;   0    ;   0    ;   0.00 ;   0.0
David Carney           ; D-M  ;   7    ;   7    ;   630  ;   0    ;   0    ;   7    ;   0    ;   0    ;   0; 0  ;   0    ;   0    ;   0.00 ;   0.0


Team: Philadelphia Union

Jack McInerney         ; F    ;   31   ;   25   ;   2209 ;   12   ;   0    ;   86   ;   30   ;   5    ;   0; 0  ;   4    ;   8    ;   0.49 ;   14.0
Conor Casey            ; F    ;   31   ;   25   ;   2201 ;   10   ;   5    ;   64   ;   26   ;   3    ;   0; 0  ;   6    ;   4    ;   0.41 ;   15.6
Sebastien Le Toux      ; F-M  ;   32   ;   25   ;   2222 ;   3    ;   12   ;   34   ;   13   ;   0    ;   0; 0  ;   1    ;   2    ;   0.12 ;   8.8
Amobi Okugo            ; D    ;   32   ;   32   ;   2879 ;   3    ;   3    ;   25   ;   6    ;   0    ;   0; 0  ;   2    ;   1    ;   0.09 ;   12.0
Antoine Hoppenot       ; F    ;   30   ;   2    ;   732  ;   3    ;   2    ;   20   ;   8    ;   1    ;   0; 0  ;   1    ;   2    ;   0.37 ;   15.0
Danny Cruz             ; M    ;   32   ;   32   ;   2190 ;   3    ;   2    ;   56   ;   19   ;   0    ;   0; 0  ;   2    ;   1    ;   0.12 ;   5.4
Sheanon Williams       ; D-M  ;   32   ;   32   ;   2867 ;   2    ;   8    ;   14   ;   3    ;   0    ;   0; 0  ;   2    ;   0    ;   0.06 ;   14.3
Brian Carroll          ; M    ;   33   ;   33   ;   2969 ;   2    ;   1    ;   16   ;   5    ;   1    ;   0; 0  ;   2    ;   0    ;   0.06 ;   12.5
Jose Kleberson         ; M    ;   11   ;   7    ;   532  ;   1    ;   2    ;   24   ;   4    ;   1    ;   0; 0  ;   1    ;   0    ;   0.17 ;   4.2
Fabinho                ; D    ;   14   ;   10   ;   980  ;   1    ;   2    ;   9    ;   1    ;   0    ;   0; 0  ;   0    ;   1    ;   0.09 ;   11.1
Aaron Wheeler          ; F    ;   10   ;   1    ;   129  ;   1    ;   1    ;   8    ;   5    ;   0    ;   0; 0  ;   1    ;   0    ;   0.70 ;   12.5
Michael Farfan         ; M    ;   29   ;   22   ;   1991 ;   1    ;   1    ;   40   ;   18   ;   1    ;   0; 0  ;   1    ;   0    ;   0.05 ;   2.5
Keon Daniel            ; M    ;   24   ;   20   ;   1721 ;   0    ;   1    ;   27   ;   5    ;   0    ;   0; 0  ;   0    ;   0    ;   0.00 ;   0.0
Jeff Parke             ; D    ;   31   ;   31   ;   2744 ;   0    ;   1    ;   11   ;   2    ;   0    ;   0; 0  ;   0    ;   0    ;   0.00 ;   0.0
Carlos Valdes          ; D    ;   0    ;   0    ;   0    ;   0    ;   0    ;   0    ;   0    ;   0    ;   0; 0  ;   0    ;   0    ;   0.00 ;   0.0
Chase Harrison         ; GK   ;   0    ;   0    ;   0    ;   0    ;   0    ;   0    ;   0    ;   0    ;   0; 0  ;   0    ;   0    ;   0.00 ;   0.0
Chris Konopka          ; GK   ;   0    ;   0    ;   0    ;   0    ;   0    ;   0    ;   0    ;   0    ;   0; 0  ;   0    ;   0    ;   0.00 ;   0.0
Cristhian Hernandez    ; F    ;   0    ;   0    ;   0    ;   0    ;   0    ;   0    ;   0    ;   0    ;   0; 0  ;   0    ;   0    ;   0.00 ;   0.0
Freddy Adu             ; F    ;   0    ;   0    ;   0    ;   0    ;   0    ;   0    ;   0    ;   0    ;   0; 0  ;   0    ;   0    ;   0.00 ;   0.0
Gilberto               ; M    ;   0    ;   0    ;   0    ;   0    ;   0    ;   0    ;   0    ;   0    ;   0; 0  ;   0    ;   0    ;   0.00 ;   0.0
Greg Jordan            ; M    ;   0    ;   0    ;   0    ;   0    ;   0    ;   0    ;   0    ;   0    ;   0; 0  ;   0    ;   0    ;   0.00 ;   0.0
Jimmy McLaughlin       ; M    ;   0    ;   0    ;   0    ;   0    ;   0    ;   0    ;   0    ;   0    ;   0; 0  ;   0    ;   0    ;   0.00 ;   0.0
Oka Nikolov            ; GK   ;   0    ;   0    ;   0    ;   0    ;   0    ;   0    ;   0    ;   0    ;   0; 0  ;   0    ;   0    ;   0.00 ;   0.0
Yann Ekra              ; F    ;   0    ;   0    ;   0    ;   0    ;   0    ;   0    ;   0    ;   0    ;   0; 0  ;   0    ;   0    ;   0.00 ;   0.0
Zach Pfeffer           ; M    ;   0    ;   0    ;   0    ;   0    ;   0    ;   0    ;   0    ;   0    ;   0; 0  ;   0    ;   0    ;   0.00 ;   0.0
Chris Albright         ; D    ;   2    ;   0    ;   4    ;   0    ;   0    ;   0    ;   0    ;   0    ;   0; 0  ;   0    ;   0    ;   0.00 ;   0.0
Don Anding             ; D    ;   1    ;   0    ;   30   ;   0    ;   0    ;   1    ;   0    ;   0    ;   0; 0  ;   0    ;   0    ;   0.00 ;   0.0
Roger Torres           ; M    ;   5    ;   0    ;   68   ;   0    ;   0    ;   1    ;   0    ;   0    ;   0; 0  ;   0    ;   0    ;   0.00 ;   0.0
Matt Kassel            ; D-M  ;   5    ;   0    ;   90   ;   0    ;   0    ;   1    ;   0    ;   0    ;   0; 0  ;   0    ;   0    ;   0.00 ;   0.0
Bakary Soumare         ; D    ;   3    ;   3    ;   261  ;   0    ;   0    ;   1    ;   0    ;   0    ;   0; 0  ;   0    ;   1    ;   0.00 ;   0.0
Leo Fernandes          ; M    ;   7    ;   3    ;   281  ;   0    ;   0    ;   6    ;   1    ;   0    ;   0; 0  ;   0    ;   0    ;   0.00 ;   0.0
Gabriel Farfan         ; M    ;   6    ;   3    ;   313  ;   0    ;   0    ;   6    ;   1    ;   0    ;   0; 0  ;   0    ;   0    ;   0.00 ;   0.0
Michael Lahoud         ; M    ;   9    ;   3    ;   464  ;   0    ;   0    ;   5    ;   1    ;   0    ;   0; 0  ;   0    ;   0    ;   0.00 ;   0.0
Raymon Gaddis          ; D    ;   31   ;   31   ;   2703 ;   0    ;   0    ;   4    ;   2    ;   0    ;   0; 0  ;   0    ;   0    ;   0.00 ;   0.0
Zac MacMath            ; GK   ;   34   ;   34   ;   3060 ;   0    ;   0    ;   0    ;   0    ;   0    ;   0; 0  ;   0    ;   0    ;   0.00 ;   0.0


Team: Portland Timbers

Diego Valeri           ; M    ;   31   ;   28   ;   2277 ;   10   ;   13   ;   72   ;   26   ;   2    ;   1; 1  ;   5    ;   5    ;   0.40 ;   13.9
Will Johnson           ; M    ;   28   ;   28   ;   2520 ;   9    ;   5    ;   55   ;   20   ;   1    ;   2; 2  ;   4    ;   5    ;   0.32 ;   16.4
Ryan Johnson           ; F    ;   29   ;   21   ;   1770 ;   9    ;   4    ;   43   ;   22   ;   1    ;   0; 0  ;   7    ;   2    ;   0.46 ;   20.9
Darlington Nagbe       ; F-M  ;   34   ;   34   ;   2848 ;   9    ;   4    ;   62   ;   24   ;   2    ;   0; 0  ;   3    ;   6    ;   0.28 ;   14.5
Rodney Wallace         ; F    ;   27   ;   21   ;   1972 ;   7    ;   6    ;   49   ;   18   ;   3    ;   0; 0  ;   3    ;   4    ;   0.32 ;   14.3
Kalif Alhassan         ; F    ;   30   ;   15   ;   1324 ;   3    ;   3    ;   34   ;   11   ;   2    ;   0; 0  ;   3    ;   0    ;   0.20 ;   8.8
Frederic Piquionne     ; F    ;   21   ;   7    ;   783  ;   1    ;   5    ;   30   ;   9    ;   1    ;   0; 0  ;   1    ;   0    ;   0.11 ;   3.3
Jose Adolfo Valencia   ; F    ;   21   ;   5    ;   636  ;   1    ;   3    ;   20   ;   6    ;   0    ;   0; 0  ;   0    ;   1    ;   0.14 ;   5.0
Ben Zemanski           ; D    ;   25   ;   9    ;   989  ;   1    ;   2    ;   8    ;   2    ;   0    ;   0; 0  ;   0    ;   1    ;   0.09 ;   12.5
Andrew Jean-Baptiste   ; D    ;   26   ;   22   ;   2142 ;   1    ;   1    ;   15   ;   5    ;   1    ;   0; 0  ;   1    ;   0    ;   0.04 ;   6.7
Sal Zizzo              ; F    ;   10   ;   2    ;   255  ;   1    ;   0    ;   2    ;   2    ;   0    ;   0; 0  ;   0    ;   1    ;   0.35 ;   50.0
Maximiliano Urruti     ; F    ;   5    ;   4    ;   314  ;   1    ;   0    ;   6    ;   2    ;   1    ;   0; 0  ;   1    ;   0    ;   0.29 ;   16.7
Diego Chara            ; M    ;   31   ;   31   ;   2737 ;   0    ;   3    ;   10   ;   3    ;   0    ;   0; 0  ;   0    ;   0    ;   0.00 ;   0.0
Milos Kocic            ; GK   ;   2    ;   2    ;   180  ;   0    ;   1    ;   0    ;   0    ;   0    ;   0; 0  ;   0    ;   0    ;   0.00 ;   0.0
Mamadou Danso          ; D    ;   16   ;   15   ;   1360 ;   0    ;   1    ;   6    ;   0    ;   0    ;   0; 0  ;   0    ;   0    ;   0.00 ;   0.0
Jack Jewsbury          ; D-M  ;   26   ;   26   ;   2240 ;   0    ;   1    ;   17   ;   2    ;   0    ;   0; 0  ;   0    ;   0    ;   0.00 ;   0.0
Michael Harrington     ; D    ;   33   ;   33   ;   2951 ;   0    ;   1    ;   3    ;   0    ;   0    ;   0; 0  ;   0    ;   0    ;   0.00 ;   0.0
Brent Richards         ; F    ;   0    ;   0    ;   0    ;   0    ;   0    ;   0    ;   0    ;   0    ;   0; 0  ;   0    ;   0    ;   0.00 ;   0.0
Bright Dike            ; F    ;   0    ;   0    ;   0    ;   0    ;   0    ;   0    ;   0    ;   0    ;   0; 0  ;   1    ;   0    ;   0.00 ;   0.0
Dylan Tucker-Gangnes   ; D    ;   0    ;   0    ;   0    ;   0    ;   0    ;   0    ;   0    ;   0    ;   0; 0  ;   0    ;   0    ;   0.00 ;   0.0
Hanyer Mosquera        ; D    ;   0    ;   0    ;   0    ;   0    ;   0    ;   0    ;   0    ;   0    ;   0; 0  ;   0    ;   0    ;   0.00 ;   0.0
Jake Gleeson           ; GK   ;   0    ;   0    ;   0    ;   0    ;   0    ;   0    ;   0    ;   0    ;   0; 0  ;   0    ;   0    ;   0.00 ;   0.0
Mobi Fehr              ; D    ;   0    ;   0    ;   0    ;   0    ;   0    ;   0    ;   0    ;   0    ;   0; 0  ;   0    ;   0    ;   0.00 ;   0.0
Ryan Kawulok           ; D    ;   0    ;   0    ;   0    ;   0    ;   0    ;   0    ;   0    ;   0    ;   0; 0  ;   0    ;   0    ;   0.00 ;   0.0
Sebastian Rincon       ; F    ;   0    ;   0    ;   0    ;   0    ;   0    ;   0    ;   0    ;   0    ;   0; 0  ;   0    ;   0    ;   0.00 ;   0.0
Steven Evans           ; M    ;   0    ;   0    ;   0    ;   0    ;   0    ;   0    ;   0    ;   0    ;   0; 0  ;   0    ;   0    ;   0.00 ;   0.0
Brad Ring              ; D    ;   1    ;   0    ;   1    ;   0    ;   0    ;   0    ;   0    ;   0    ;   0; 0  ;   0    ;   0    ;   0.00 ;   0.0
Michael Nanchoff       ; M    ;   1    ;   0    ;   8    ;   0    ;   0    ;   0    ;   0    ;   0    ;   0; 0  ;   0    ;   0    ;   0.00 ;   0.0
Rauwshan McKenzie      ; D    ;   1    ;   1    ;   90   ;   0    ;   0    ;   0    ;   0    ;   0    ;   0; 0  ;   0    ;   0    ;   0.00 ;   0.0
David Horst            ; D    ;   2    ;   2    ;   108  ;   0    ;   0    ;   0    ;   0    ;   0    ;   0; 0  ;   0    ;   0    ;   0.00 ;   0.0
Ryan Miller            ; D    ;   7    ;   4    ;   350  ;   0    ;   0    ;   0    ;   0    ;   0    ;   0; 0  ;   0    ;   0    ;   0.00 ;   0.0
Alvas Powell           ; D    ;   5    ;   4    ;   382  ;   0    ;   0    ;   4    ;   0    ;   0    ;   0; 0  ;   0    ;   0    ;   0.00 ;   0.0
Mikael Silvestre       ; D    ;   8    ;   8    ;   688  ;   0    ;   0    ;   2    ;   0    ;   0    ;   0; 0  ;   0    ;   0    ;   0.00 ;   0.0
Pa Modou Kah           ; D    ;   20   ;   20   ;   1721 ;   0    ;   0    ;   7    ;   4    ;   0    ;   0; 0  ;   0    ;   0    ;   0.00 ;   0.0
Donovan Ricketts       ; GK   ;   32   ;   32   ;   2880 ;   0    ;   0    ;   0    ;   0    ;   0    ;   0; 0  ;   0    ;   0    ;   0.00 ;   0.0


Team: Real Salt Lake

Alvaro Saborio         ; F    ;   16   ;   15   ;   1346 ;   12   ;   2    ;   53   ;   21   ;   2    ;   4; 5  ;   6    ;   6    ;   0.80 ;   22.6
Javier Morales         ; M    ;   28   ;   25   ;   2281 ;   8    ;   10   ;   46   ;   18   ;   4    ;   2; 2  ;   6    ;   2    ;   0.32 ;   17.4
Robbie Findley         ; F    ;   25   ;   17   ;   1260 ;   6    ;   2    ;   36   ;   15   ;   0    ;   0; 0  ;   4    ;   2    ;   0.43 ;   16.7
Ned Grabavoy           ; M    ;   32   ;   29   ;   2688 ;   5    ;   5    ;   29   ;   10   ;   0    ;   0; 0  ;   1    ;   4    ;   0.17 ;   17.2
Olmes Garcia           ; F    ;   24   ;   8    ;   996  ;   5    ;   4    ;   33   ;   15   ;   2    ;   0; 0  ;   2    ;   3    ;   0.45 ;   15.2
Luis Gil               ; M    ;   30   ;   24   ;   2060 ;   5    ;   3    ;   36   ;   13   ;   2    ;   0; 0  ;   5    ;   0    ;   0.22 ;   13.9
Joao Plata             ; F    ;   29   ;   19   ;   1645 ;   4    ;   8    ;   50   ;   19   ;   2    ;   0; 0  ;   2    ;   2    ;   0.22 ;   8.0
Kyle Beckerman         ; M    ;   26   ;   26   ;   2281 ;   4    ;   6    ;   46   ;   17   ;   2    ;   0; 0  ;   3    ;   1    ;   0.16 ;   8.7
Devon Sandoval         ; F    ;   17   ;   10   ;   885  ;   3    ;   0    ;   18   ;   9    ;   1    ;   0; 0  ;   1    ;   2    ;   0.31 ;   16.7
Nat Borchers           ; D    ;   28   ;   28   ;   2520 ;   1    ;   2    ;   9    ;   4    ;   0    ;   0; 0  ;   0    ;   1    ;   0.04 ;   11.1
Khari Stephenson       ; M    ;   19   ;   9    ;   791  ;   1    ;   1    ;   21   ;   7    ;   0    ;   0; 0  ;   1    ;   0    ;   0.11 ;   4.8
Cole Grossman          ; M    ;   4    ;   2    ;   160  ;   1    ;   0    ;   2    ;   1    ;   0    ;   0; 0  ;   0    ;   1    ;   0.56 ;   50.0
Yordany Alvarez        ; M    ;   18   ;   11   ;   981  ;   1    ;   0    ;   10   ;   5    ;   1    ;   0; 0  ;   0    ;   1    ;   0.09 ;   10.0
Sebastian Velasquez    ; M    ;   19   ;   9    ;   892  ;   0    ;   3    ;   20   ;   8    ;   0    ;   0; 0  ;   0    ;   0    ;   0.00 ;   0.0
Abdoulie Mansally      ; D    ;   14   ;   9    ;   774  ;   0    ;   1    ;   5    ;   1    ;   0    ;   0; 0  ;   0    ;   0    ;   0.00 ;   0.0
Lovel Palmer           ; D    ;   17   ;   14   ;   1198 ;   0    ;   1    ;   8    ;   0    ;   0    ;   0; 0  ;   0    ;   0    ;   0.00 ;   0.0
Tony Beltran           ; D    ;   25   ;   24   ;   2230 ;   0    ;   1    ;   9    ;   3    ;   0    ;   0; 0  ;   0    ;   0    ;   0.00 ;   0.0
Nick Rimando           ; GK   ;   27   ;   27   ;   2430 ;   0    ;   1    ;   0    ;   0    ;   0    ;   0; 0  ;   0    ;   0    ;   0.00 ;   0.0
Benji Lopez            ; F    ;   0    ;   0    ;   0    ;   0    ;   0    ;   0    ;   0    ;   0    ;   0; 0  ;   0    ;   0    ;   0.00 ;   0.0
David Viana            ; M    ;   0    ;   0    ;   0    ;   0    ;   0    ;   0    ;   0    ;   0    ;   0; 0  ;   0    ;   0    ;   0.00 ;   0.0
Eduardo Fernandez      ; GK   ;   0    ;   0    ;   0    ;   0    ;   0    ;   0    ;   0    ;   0    ;   0; 0  ;   0    ;   0    ;   0.00 ;   0.0
Enzo Martinez          ; M    ;   0    ;   0    ;   0    ;   0    ;   0    ;   0    ;   0    ;   0    ;   0; 0  ;   0    ;   0    ;   0.00 ;   0.0
Rich Balchan           ; D    ;   0    ;   0    ;   0    ;   0    ;   0    ;   0    ;   0    ;   0    ;   0; 0  ;   0    ;   0    ;   0.00 ;   0.0
John Stertzer          ; M    ;   2    ;   0    ;   33   ;   0    ;   0    ;   2    ;   0    ;   0    ;   0; 0  ;   0    ;   0    ;   0.00 ;   0.0
Josh Saunders          ; GK   ;   3    ;   3    ;   231  ;   0    ;   0    ;   0    ;   0    ;   0    ;   0; 0  ;   0    ;   0    ;   0.00 ;   0.0
Aaron Maund            ; D    ;   3    ;   3    ;   270  ;   0    ;   0    ;   1    ;   0    ;   0    ;   0; 0  ;   0    ;   0    ;   0.00 ;   0.0
Brandon McDonald       ; D    ;   3    ;   3    ;   270  ;   0    ;   0    ;   0    ;   0    ;   0    ;   0; 0  ;   0    ;   0    ;   0.00 ;   0.0
Jeff Attinella         ; GK   ;   5    ;   4    ;   399  ;   0    ;   0    ;   0    ;   0    ;   0    ;   0; 0  ;   0    ;   0    ;   0.00 ;   0.0
Kwame Watson-Siriboe   ; D    ;   7    ;   7    ;   630  ;   0    ;   0    ;   1    ;   0    ;   0    ;   0; 0  ;   0    ;   0    ;   0.00 ;   0.0
Carlos Salcedo         ; D    ;   13   ;   12   ;   1070 ;   0    ;   0    ;   1    ;   0    ;   0    ;   0; 0  ;   0    ;   0    ;   0.00 ;   0.0
Chris Schuler          ; D    ;   16   ;   16   ;   1440 ;   0    ;   0    ;   5    ;   1    ;   0    ;   0; 0  ;   0    ;   0    ;   0.00 ;   0.0
Chris Wingert          ; D    ;   21   ;   20   ;   1742 ;   0    ;   0    ;   8    ;   1    ;   0    ;   0; 0  ;   0    ;   0    ;   0.00 ;   0.0


Team: San Jose Earthquakes

Chris Wondolowski      ; F-M  ;   29   ;   29   ;   2610 ;   11   ;   3    ;   101  ;   44   ;   8    ;   1; 1  ;   9    ;   2    ;   0.38 ;10.9
Alan Gordon            ; F    ;   24   ;   17   ;   1436 ;   4    ;   3    ;   40   ;   14   ;   1    ;   0; 0  ;   2    ;   2    ;   0.25 ;10.0
Steven Lenhart         ; F    ;   21   ;   14   ;   1322 ;   4    ;   2    ;   35   ;   13   ;   2    ;   0; 0  ;   1    ;   3    ;   0.27 ;11.4
Adam Jahn              ; F    ;   22   ;   11   ;   1059 ;   4    ;   0    ;   29   ;   10   ;   0    ;   0; 0  ;   4    ;   0    ;   0.34 ;13.8
Shea Salinas           ; M    ;   28   ;   24   ;   1982 ;   2    ;   8    ;   35   ;   16   ;   1    ;   0; 0  ;   2    ;   0    ;   0.09 ;5.7
Sam Cronin             ; M    ;   34   ;   34   ;   2971 ;   2    ;   4    ;   28   ;   7    ;   1    ;   0; 0  ;   1    ;   1    ;   0.06 ;7.1
Walter Martinez        ; M    ;   15   ;   10   ;   919  ;   2    ;   2    ;   16   ;   5    ;   1    ;   0; 0  ;   2    ;   0    ;   0.20 ;12.5
Steven Beitashour      ; D    ;   27   ;   27   ;   2426 ;   1    ;   3    ;   5    ;   1    ;   0    ;   0; 0  ;   0    ;   1    ;   0.04 ;20.0
Cordell Cato           ; M    ;   20   ;   10   ;   1030 ;   1    ;   2    ;   19   ;   5    ;   0    ;   0; 0  ;   0    ;   1    ;   0.09 ;5.3
Justin Morrow          ; D    ;   26   ;   21   ;   1937 ;   1    ;   2    ;   7    ;   1    ;   0    ;   0; 0  ;   0    ;   1    ;   0.05 ;14.3
Marvin Chavez          ; M    ;   15   ;   12   ;   1053 ;   1    ;   1    ;   22   ;   4    ;   0    ;   0; 0  ;   1    ;   0    ;   0.09 ;4.5
Victor Bernardez       ; D    ;   25   ;   25   ;   2233 ;   1    ;   1    ;   17   ;   4    ;   0    ;   1; 1  ;   1    ;   0    ;   0.04 ;5.9
Ramiro Corrales        ; M    ;   12   ;   11   ;   870  ;   0    ;   2    ;   14   ;   2    ;   0    ;   0; 0  ;   0    ;   0    ;   0.00 ;0.0
Rafael Baca            ; M    ;   31   ;   28   ;   2379 ;   0    ;   2    ;   30   ;   7    ;   0    ;   0; 0  ;   0    ;   0    ;   0.00 ;0.0
Dan Gargan             ; D-M  ;   8    ;   6    ;   591  ;   0    ;   1    ;   3    ;   0    ;   0    ;   0; 0  ;   0    ;   0    ;   0.00 ;0.0
Nana Attakora          ; D    ;   8    ;   7    ;   657  ;   0    ;   1    ;   6    ;   0    ;   0    ;   0; 0  ;   0    ;   0    ;   0.00 ;0.0
Abu Tommy              ; M    ;   0    ;   0    ;   0    ;   0    ;   0    ;   0    ;   0    ;   0    ;   0; 0  ;   0    ;   0    ;   0.00 ;0.0
Alexandre Emerson      ; F    ;   0    ;   0    ;   0    ;   0    ;   0    ;   0    ;   0    ;   0    ;   0; 0  ;   0    ;   0    ;   0.00 ;0.0
Cesar Diaz Pizarro     ; F    ;   0    ;   0    ;   0    ;   0    ;   0    ;   0    ;   0    ;   0    ;   0; 0  ;   0    ;   0    ;   0.00 ;0.0
Colin Mitchell         ; D    ;   0    ;   0    ;   0    ;   0    ;   0    ;   0    ;   0    ;   0    ;   0; 0  ;   0    ;   0    ;   0.00 ;0.0
Evan Newton            ; GK   ;   0    ;   0    ;   0    ;   0    ;   0    ;   0    ;   0    ;   0    ;   0; 0  ;   0    ;   0    ;   0.00 ;0.0
Jacob Hustedt          ; M    ;   0    ;   0    ;   0    ;   0    ;   0    ;   0    ;   0    ;   0    ;   0; 0  ;   0    ;   0    ;   0.00 ;0.0
Peter McGlynn          ; M    ;   0    ;   0    ;   0    ;   0    ;   0    ;   0    ;   0    ;   0    ;   0; 0  ;   0    ;   0    ;   0.00 ;0.0
Tommy Muller           ; D    ;   0    ;   0    ;   0    ;   0    ;   0    ;   0    ;   0    ;   0    ;   0; 0  ;   0    ;   0    ;   0.00 ;0.0
Marcus Tracy           ; F    ;   5    ;   0    ;   58   ;   0    ;   0    ;   2    ;   1    ;   0    ;   0; 0  ;   0    ;   0    ;   0.00 ;0.0
David Bingham          ; GK   ;   1    ;   1    ;   90   ;   0    ;   0    ;   0    ;   0    ;   0    ;   0; 0  ;   0    ;   0    ;   0.00 ;0.0
Sam Garza              ; F    ;   5    ;   0    ;   93   ;   0    ;   0    ;   3    ;   1    ;   0    ;   0; 0  ;   0    ;   0    ;   0.00 ;0.0
Jaime Alas             ; M    ;   5    ;   1    ;   117  ;   0    ;   0    ;   1    ;   0    ;   0    ;   0; 0  ;   0    ;   0    ;   0.00 ;0.0
Mehdi Ballouchy        ; M    ;   5    ;   1    ;   118  ;   0    ;   0    ;   1    ;   0    ;   0    ;   0; 0  ;   0    ;   0    ;   0.00 ;0.0
Mike Fucito            ; F    ;   7    ;   2    ;   228  ;   0    ;   0    ;   8    ;   1    ;   0    ;   0; 0  ;   0    ;   0    ;   0.00 ;0.0
Brad Ring              ; D    ;   3    ;   3    ;   270  ;   0    ;   0    ;   1    ;   0    ;   0    ;   0; 0  ;   0    ;   0    ;   0.00 ;0.0
Ty Harden              ; D    ;   7    ;   7    ;   596  ;   0    ;   0    ;   3    ;   0    ;   0    ;   0; 0  ;   0    ;   0    ;   0.00 ;0.0
Clarence Goodson       ; D    ;   9    ;   9    ;   791  ;   0    ;   0    ;   9    ;   3    ;   0    ;   0; 0  ;   0    ;   0    ;   0.00 ;0.0
Jordan Stewart         ; D    ;   12   ;   12   ;   1080 ;   0    ;   0    ;   4    ;   1    ;   0    ;   0; 0  ;   0    ;   0    ;   0.00 ;0.0
Jason Hernandez        ; D    ;   21   ;   19   ;   1680 ;   0    ;   0    ;   0    ;   0    ;   0    ;   0; 0  ;   0    ;   0    ;   0.00 ;0.0
Jon Busch              ; GK   ;   33   ;   33   ;   2970 ;   0    ;   0    ;   0    ;   0    ;   0    ;   0; 0  ;   0    ;   0    ;   0.00 ;0.0

Team: Seattle Sounders

Eddie Johnson          ; F    ;   21   ;   20   ;   1725 ;   9    ;   2    ;   51   ;   27   ;   3    ;   0; 0  ;   5    ;   4    ;   0.47 ;   17.6
Obafemi Martins        ; F    ;   20   ;   17   ;   1466 ;   8    ;   4    ;   43   ;   16   ;   5    ;   0; 0  ;   6    ;   2    ;   0.49 ;   18.6
Lamar Neagle           ; F    ;   30   ;   27   ;   2409 ;   8    ;   4    ;   61   ;   25   ;   4    ;   0; 0  ;   8    ;   0    ;   0.30 ;   13.1
Mauro Rosales          ; M    ;   33   ;   26   ;   2175 ;   4    ;   8    ;   24   ;   7    ;   0    ;   0; 0  ;   2    ;   2    ;   0.17 ;   16.7
Brad Evans             ; M    ;   24   ;   21   ;   1761 ;   4    ;   5    ;   37   ;   11   ;   0    ;   2; 2  ;   3    ;   1    ;   0.20 ;   10.8
Andy Rose              ; M    ;   18   ;   9    ;   888  ;   1    ;   2    ;   10   ;   4    ;   0    ;   0; 0  ;   1    ;   0    ;   0.10 ;   10.0
DeAndre Yedlin         ; D    ;   31   ;   30   ;   2710 ;   1    ;   2    ;   13   ;   4    ;   0    ;   0; 0  ;   1    ;   0    ;   0.03 ;   7.7
Servando Carrasco      ; M    ;   19   ;   13   ;   1230 ;   1    ;   1    ;   13   ;   2    ;   0    ;   1; 1  ;   1    ;   0    ;   0.07 ;   7.7
Shalrie Joseph         ; M    ;   10   ;   6    ;   592  ;   1    ;   0    ;   6    ;   3    ;   0    ;   0; 0  ;   0    ;   1    ;   0.15 ;   16.7
Clint Dempsey          ; M    ;   9    ;   6    ;   651  ;   1    ;   0    ;   32   ;   7    ;   0    ;   0; 0  ;   1    ;   0    ;   0.14 ;   3.1
Djimi Traore           ; D    ;   27   ;   25   ;   2235 ;   1    ;   0    ;   9    ;   1    ;   1    ;   0; 0  ;   0    ;   1    ;   0.04 ;   11.1
Marc Burch             ; D    ;   20   ;   13   ;   1158 ;   0    ;   4    ;   8    ;   0    ;   0    ;   0; 0  ;   0    ;   0    ;   0.00 ;   0.0
Steve Zakuani          ; M    ;   8    ;   6    ;   492  ;   0    ;   1    ;   10   ;   2    ;   0    ;   0; 0  ;   0    ;   0    ;   0.00 ;   0.0
Mario Martinez         ; M    ;   10   ;   5    ;   503  ;   0    ;   1    ;   14   ;   5    ;   0    ;   0; 0  ;   0    ;   0    ;   0.00 ;   0.0
Osvaldo Alonso         ; M    ;   26   ;   26   ;   2179 ;   0    ;   1    ;   33   ;   4    ;   0    ;   0; 1  ;   0    ;   0    ;   0.00 ;   0.0
Leo Gonzalez           ; D    ;   27   ;   27   ;   2318 ;   0    ;   1    ;   7    ;   0    ;   0    ;   0; 0  ;   0    ;   0    ;   0.00 ;   0.0
Adam Johansson         ; D    ;   0    ;   0    ;   0    ;   0    ;   0    ;   0    ;   0    ;   0    ;   0; 0  ;   0    ;   0    ;   0.00 ;   0.0
Andrew Duran           ; D    ;   0    ;   0    ;   0    ;   0    ;   0    ;   0    ;   0    ;   0    ;   0; 0  ;   0    ;   0    ;   0.00 ;   0.0
Ashani Fairclough      ; D    ;   0    ;   0    ;   0    ;   0    ;   0    ;   0    ;   0    ;   0    ;   0; 0  ;   0    ;   0    ;   0.00 ;   0.0
Babayele Sodade        ; F    ;   0    ;   0    ;   0    ;   0    ;   0    ;   0    ;   0    ;   0    ;   0; 0  ;   0    ;   0    ;   0.00 ;   0.0
Blair Gavin            ; M    ;   0    ;   0    ;   0    ;   0    ;   0    ;   0    ;   0    ;   0    ;   0; 0  ;   0    ;   0    ;   0.00 ;   0.0
Christian Tiffert      ; M    ;   0    ;   0    ;   0    ;   0    ;   0    ;   0    ;   0    ;   0    ;   0; 0  ;   0    ;   0    ;   0.00 ;   0.0
Fredy Montero          ; F    ;   0    ;   0    ;   0    ;   0    ;   0    ;   0    ;   0    ;   0    ;   0; 0  ;   0    ;   0    ;   0.00 ;   0.0
Josh Ford              ; GK   ;   0    ;   0    ;   0    ;   0    ;   0    ;   0    ;   0    ;   0    ;   0; 0  ;   0    ;   0    ;   0.00 ;   0.0
Will Bates             ; F    ;   0    ;   0    ;   0    ;   0    ;   0    ;   0    ;   0    ;   0    ;   0; 0  ;   0    ;   0    ;   0.00 ;   0.0
Christian Tiffert      ; M    ;   0    ;   0    ;   0    ;   0    ;   0    ;   0    ;   0    ;   0    ;   0; 0  ;   0    ;   0    ;   0.00 ;   0.0
Fredy Montero          ; F    ;   0    ;   0    ;   0    ;   0    ;   0    ;   0    ;   0    ;   0    ;   0; 0  ;   0    ;   0    ;   0.00 ;   0.0
Josh Ford              ; GK   ;   0    ;   0    ;   0    ;   0    ;   0    ;   0    ;   0    ;   0    ;   0; 0  ;   0    ;   0    ;   0.00 ;   0.0
Will Bates             ; F    ;   0    ;   0    ;   0    ;   0    ;   0    ;   0    ;   0    ;   0    ;   0; 0  ;   0    ;   0    ;   0.00 ;   0.0
Phillip Lund           ; M    ;   1    ;   0    ;   16   ;   0    ;   0    ;   0    ;   0    ;   0    ;   0; 0  ;   0    ;   0    ;   0.00 ;   0.0
Dylan Remick           ; D    ;   1    ;   0    ;   25   ;   0    ;   0    ;   0    ;   0    ;   0    ;   0; 0  ;   0    ;   0    ;   0.00 ;   0.0
Eriq Zavaleta          ; F    ;   5    ;   0    ;   31   ;   0    ;   0    ;   2    ;   1    ;   0    ;   0; 0  ;   0    ;   0    ;   0.00 ;   0.0
Sammy Ochoa            ; F    ;   4    ;   2    ;   175  ;   0    ;   0    ;   2    ;   0    ;   0    ;   0; 0  ;   0    ;   0    ;   0.00 ;   0.0
Andrew Weber           ; GK   ;   3    ;   2    ;   225  ;   0    ;   0    ;   0    ;   0    ;   0    ;   0; 0  ;   0    ;   0    ;   0.00 ;   0.0
Marcus Hahnemann       ; GK   ;   4    ;   4    ;   360  ;   0    ;   0    ;   0    ;   0    ;   0    ;   0; 0  ;   0    ;   0    ;   0.00 ;   0.0
Adam Moffat            ; M    ;   6    ;   4    ;   386  ;   0    ;   0    ;   8    ;   2    ;   0    ;   0; 0  ;   0    ;   3    ;   0.00 ;   0.0
Alex Caskey            ; M    ;   10   ;   5    ;   430  ;   0    ;   0    ;   3    ;   0    ;   0    ;   0; 0  ;   0    ;   0    ;   0.00 ;   0.0
David Estrada          ; M-F  ;   17   ;   4    ;   498  ;   0    ;   0    ;   5    ;   3    ;   0    ;   0; 0  ;   0    ;   0    ;   0.00 ;   0.0
Patrick Ianni          ; D-M  ;   9    ;   7    ;   705  ;   0    ;   0    ;   5    ;   1    ;   0    ;   0; 0  ;   0    ;   0    ;   0.00 ;   0.0
Zach Scott             ; D    ;   21   ;   16   ;   1458 ;   0    ;   0    ;   7    ;   4    ;   0    ;   0; 0  ;   0    ;   0    ;   0.00 ;   0.0
Jhon Kennedy Hurtado   ; D    ;   27   ;   25   ;   2243 ;   0    ;   0    ;   8    ;   0    ;   0    ;   0; 0  ;   0    ;   0    ;   0.00 ;   0.0
Michael Gspurning      ; GK   ;   28   ;   28   ;   2475 ;   0    ;   0    ;   0    ;   0    ;   0    ;   0; 0  ;   0    ;   0    ;   0.00 ;   0.


Team: Sporting Kansas City

Claudio Bieler       ; F        ; 28     ; 25     ; 2109   ; 10     ; 4      ; 70     ; 27     ; 4      ; 3; 3    ; 8      ; 2      ; 0.43   ; 14.3
Kei Kamara           ; F        ; 15     ; 10     ; 1022   ; 7      ; 2      ; 42     ; 13     ; 2      ; 1; 1    ; 6      ; 1      ; 0.62   ; 16.7
Graham Zusi          ; F-M      ; 27     ; 26     ; 2357   ; 6      ; 8      ; 50     ; 19     ; 2      ; 0; 0    ; 3      ; 3      ; 0.23   ; 12.0
Soony Saad           ; F        ; 23     ; 15     ; 1353   ; 4      ; 4      ; 58     ; 15     ; 1      ; 0; 0    ; 3      ; 1      ; 0.27   ; 6.9
C.J. Sapong          ; F        ; 25     ; 16     ; 1551   ; 4      ; 2      ; 33     ; 13     ; 1      ; 0; 0    ; 2      ; 2      ; 0.23   ; 12.1
Benny Feilhaber      ; M        ; 27     ; 22     ; 1774   ; 3      ; 4      ; 33     ; 12     ; 0      ; 0; 0    ; 2      ; 1      ; 0.15   ; 9.1
Aurelien Collin      ; D        ; 29     ; 29     ; 2565   ; 3      ; 1      ; 33     ; 9      ; 2      ; 0; 0    ; 1      ; 2      ; 0.11   ; 9.1
Ike Opara            ; D        ; 18     ; 15     ; 1397   ; 3      ; 0      ; 13     ; 6      ; 2      ; 0; 0    ; 0      ; 3      ; 0.19   ; 23.1
Chance Myers         ; D        ; 27     ; 26     ; 2383   ; 2      ; 3      ; 24     ; 7      ; 0      ; 0; 0    ; 2      ; 0      ; 0.08   ; 8.3
Dom Dwyer            ; F        ; 16     ; 7      ; 674    ; 2      ; 2      ; 28     ; 7      ; 1      ; 0; 0    ; 2      ; 0      ; 0.27   ; 7.1
Oriol Rosell         ; M        ; 31     ; 31     ; 2691   ; 1      ; 2      ; 24     ; 5      ; 1      ; 0; 0    ; 0      ; 1      ; 0.03   ; 4.2
Lawrence Olum        ; M        ; 20     ; 9      ; 1002   ; 1      ; 1      ; 6      ; 2      ; 1      ; 0; 0    ; 0      ; 1      ; 0.09   ; 16.7
Seth Sinovic         ; D        ; 32     ; 31     ; 2773   ; 0      ; 3      ; 16     ; 5      ; 0      ; 0; 0    ; 0      ; 0      ; 0.00   ; 0.0
Matt Besler          ; D        ; 23     ; 23     ; 2070   ; 0      ; 2      ; 6      ; 0      ; 0      ; 0; 0    ; 0      ; 0      ; 0.00   ; 0.0
Teal Bunbury         ; F        ; 12     ; 1      ; 214    ; 0      ; 1      ; 10     ; 2      ; 0      ; 0; 0    ; 0      ; 0      ; 0.00   ; 0.0
Josh Gardner         ; M        ; 8      ; 2      ; 244    ; 0      ; 1      ; 3      ; 0      ; 0      ; 0; 0    ; 0      ; 0      ; 0.00   ; 0.0
Mechack Jerome       ; D        ; 10     ; 8      ; 677    ; 0      ; 1      ; 5      ; 3      ; 0      ; 0; 0    ; 0      ; 0      ; 0.00   ; 0.0
Jacob Peterson       ; F        ; 16     ; 10     ; 844    ; 0      ; 1      ; 17     ; 4      ; 0      ; 0; 0    ; 0      ; 0      ; 0.00   ; 0.0
Paulo Nagamura       ; M        ; 17     ; 17     ; 1468   ; 0      ; 1      ; 17     ; 4      ; 0      ; 0; 0    ; 0      ; 0      ; 0.00   ; 0.0
Brendan Ruiz         ; D        ; 0      ; 0      ; 0      ; 0      ; 0      ; 0      ; 0      ; 0      ; 0; 0    ; 0      ; 0      ; 0.00   ; 0.0
Christian Duke       ; M        ; 0      ; 0      ; 0      ; 0      ; 0      ; 0      ; 0      ; 0      ; 0; 0    ; 0      ; 0      ; 0.00   ; 0.0
Eric Kronberg        ; GK       ; 0      ; 0      ; 0      ; 0      ; 0      ; 0      ; 0      ; 0      ; 0; 0    ; 0      ; 0      ; 0.00   ; 0.0
Erik Palmer-Brown    ; D        ; 0      ; 0      ; 0      ; 0      ; 0      ; 0      ; 0      ; 0      ; 0; 0    ; 0      ; 0      ; 0.00   ; 0.0
Federico Bessone     ; D        ; 0      ; 0      ; 0      ; 0      ; 0      ; 0      ; 0      ; 0      ; 0; 0    ; 0      ; 0      ; 0.00   ; 0.0
Jon Kempin           ; GK       ; 0      ; 0      ; 0      ; 0      ; 0      ; 0      ; 0      ; 0      ; 0; 0    ; 0      ; 0      ; 0.00   ; 0.0
Erik Palmer-Brown    ; D        ; 0      ; 0      ; 0      ; 0      ; 0      ; 0      ; 0      ; 0      ; 0; 0    ; 0      ; 0      ; 0.00   ; 0.0
Federico Bessone     ; D        ; 0      ; 0      ; 0      ; 0      ; 0      ; 0      ; 0      ; 0      ; 0; 0    ; 0      ; 0      ; 0.00   ; 0.0
Jon Kempin           ; GK       ; 0      ; 0      ; 0      ; 0      ; 0      ; 0      ; 0      ; 0      ; 0; 0    ; 0      ; 0      ; 0.00   ; 0.0
Kyle Miller          ; M        ; 0      ; 0      ; 0      ; 0      ; 0      ; 0      ; 0      ; 0      ; 0; 0    ; 0      ; 0      ; 0.00   ; 0.0
Michael Thomas       ; M        ; 0      ; 0      ; 0      ; 0      ; 0      ; 0      ; 0      ; 0      ; 0; 0    ; 0      ; 0      ; 0.00   ; 0.0
Mikey Lopez          ; M        ; 0      ; 0      ; 0      ; 0      ; 0      ; 0      ; 0      ; 0      ; 0; 0    ; 0      ; 0      ; 0.00   ; 0.0
Yann Songo'o         ; D        ; 0      ; 0      ; 0      ; 0      ; 0      ; 0      ; 0      ; 0      ; 0; 0    ; 0      ; 0      ; 0.00   ; 0.0
Jimmy Medranda       ; M        ; 1      ; 0      ; 1      ; 0      ; 0      ; 1      ; 1      ; 0      ; 0; 0    ; 0      ; 0      ; 0.00   ; 0.0
Kevin Ellis          ; D        ; 2      ; 1      ; 113    ; 0      ; 0      ; 1      ; 0      ; 0      ; 0; 0    ; 0      ; 0      ; 0.00   ; 0.0
Bobby Convey         ; F        ; 3      ; 2      ; 122    ; 0      ; 0      ; 2      ; 0      ; 0      ; 0; 0    ; 0      ; 1      ; 0.00   ; 0.0
Peterson Joseph      ; M        ; 23     ; 14     ; 1174   ; 0      ; 0      ; 9      ; 1      ; 0      ; 0; 0    ; 0      ; 0      ; 0.00   ; 0.0
Jimmy Nielsen        ; GK       ; 34     ; 34     ; 3060   ; 0      ; 0      ; 0      ; 0      ; 0      ; 0; 0    ; 0      ; 0      ; 0.00   ; 0.0

Team: Toronto FC

Robert Earnshaw        ; F      ; 26     ; 23     ; 1883   ; 8      ; 0      ; 69     ; 22     ; 2      ; 2; 2    ; 5      ; 3      ; 0.38   ; 11.6
Jonathan Osorio        ; M      ; 28     ; 18     ; 1697   ; 5      ; 1      ; 28     ; 8      ; 0      ; 0; 0    ; 5      ; 0      ; 0.27   ; 17.9
Darel Russell          ; D      ; 18     ; 10     ; 924    ; 3      ; 0      ; 16     ; 9      ; 0      ; 0; 0    ; 3      ; 0      ; 0.29   ; 18.8
Justin Braun           ; F      ; 21     ; 8      ; 779    ; 2      ; 2      ; 12     ; 5      ; 0      ; 0; 0    ; 1      ; 1      ; 0.23   ; 16.7
Andrew Wiedeman        ; F      ; 14     ; 9      ; 821    ; 2      ; 1      ; 25     ; 5      ; 1      ; 0; 0    ; 2      ; 0      ; 0.22   ; 8.0
Bobby Convey           ; F      ; 21     ; 20     ; 1786   ; 1      ; 4      ; 15     ; 3      ; 0      ; 0; 0    ; 0      ; 1      ; 0.05   ; 6.7
Jeremy Brockie         ; F-M    ; 15     ; 11     ; 1072   ; 1      ; 3      ; 31     ; 12     ; 0      ; 0; 0    ; 1      ; 0      ; 0.08   ; 3.2
Alvaro Rey             ; M      ; 13     ; 9      ; 770    ; 1      ; 1      ; 12     ; 4      ; 0      ; 0; 0    ; 1      ; 0      ; 0.12   ; 8.3
Darren O'Dea           ; D      ; 17     ; 17     ; 1530   ; 1      ; 1      ; 13     ; 4      ; 0      ; 0; 0    ; 1      ; 0      ; 0.06   ; 7.7
Steven Caldwell        ; D      ; 23     ; 23     ; 2066   ; 1      ; 1      ; 12     ; 4      ; 0      ; 0; 0    ; 1      ; 0      ; 0.04   ; 8.3
Jeremy Hall            ; M      ; 31     ; 26     ; 2280   ; 1      ; 1      ; 7      ; 2      ; 0      ; 0; 0    ; 1      ; 0      ; 0.04   ; 14.3
Bright Dike            ; F      ; 7      ; 5      ; 430    ; 1      ; 0      ; 7      ; 3      ; 1      ; 0; 0    ; 1      ; 0      ; 0.21   ; 14.3
Matias Laba            ; M      ; 16     ; 16     ; 1414   ; 1      ; 0      ; 7      ; 4      ; 1      ; 0; 0    ; 0      ; 1      ; 0.06   ; 14.3
Luis Silva             ; F-M    ; 14     ; 11     ; 940    ; 0      ; 2      ; 20     ; 8      ; 0      ; 0; 0    ; 2      ; 1      ; 0.00   ; 0.0
Doneil Henry           ; D      ; 20     ; 19     ; 1651   ; 0      ; 2      ; 7      ; 0      ; 0      ; 0; 0    ; 0      ; 0      ; 0.00   ; 0.0
Mark Bloom             ; D      ; 6      ; 6      ; 540    ; 0      ; 1      ; 1      ; 1      ; 0      ; 0; 0    ; 0      ; 0      ; 0.00   ; 0.0
Ryan Richter           ; D      ; 13     ; 12     ; 1118   ; 0      ; 1      ; 7      ; 1      ; 0      ; 0; 0    ; 0      ; 0      ; 0.00   ; 0.0
Reggie Lambe           ; M      ; 28     ; 20     ; 1799   ; 0      ; 1      ; 11     ; 0      ; 0      ; 0; 0    ; 0      ; 0      ; 0.00   ; 0.0
Ashtone Morgan         ; D      ; 22     ; 20     ; 1805   ; 0      ; 1      ; 4      ; 1      ; 0      ; 0; 0    ; 0      ; 0      ; 0.00   ; 0.0
Ashton Bennett         ; F      ; 0      ; 0      ; 0      ; 0      ; 0      ; 0      ; 0      ; 0      ; 0; 0    ; 0      ; 0      ; 0.00   ; 0.0
Chris Konopka          ; GK     ; 0      ; 0      ; 0      ; 0      ; 0      ; 0      ; 0      ; 0      ; 0; 0    ; 0      ; 0      ; 0.00   ; 0.0
Julio Cesar            ; D      ; 0      ; 0      ; 0      ; 0      ; 0      ; 0      ; 0      ; 0      ; 0; 0    ; 0      ; 0      ; 0.00   ; 0.0
Manny Aparicio         ; M      ; 0      ; 0      ; 0      ; 0      ; 0      ; 0      ; 0      ; 0      ; 0; 0    ; 0      ; 0      ; 0.00   ; 0.0
Matt Stinson           ; M      ; 0      ; 0      ; 0      ; 0      ; 0      ; 0      ; 0      ; 0      ; 0; 0    ; 0      ; 0      ; 0.00   ; 0.0
Quillan Roberts        ; GK     ; 0      ; 0      ; 0      ; 0      ; 0      ; 0      ; 0      ; 0      ; 0; 0    ; 0      ; 0      ; 0.00   ; 0.0
Manny Aparicio         ; M      ; 0      ; 0      ; 0      ; 0      ; 0      ; 0      ; 0      ; 0      ; 0; 0    ; 0      ; 0      ; 0.00   ; 0.0
Matt Stinson           ; M      ; 0      ; 0      ; 0      ; 0      ; 0      ; 0      ; 0      ; 0      ; 0; 0    ; 0      ; 0      ; 0.00   ; 0.0
Quillan Roberts        ; GK     ; 0      ; 0      ; 0      ; 0      ; 0      ; 0      ; 0      ; 0      ; 0; 0    ; 0      ; 0      ; 0.00   ; 0.0
Emery Welshman         ; F      ; 1      ; 0      ; 5      ; 0      ; 0      ; 0      ; 0      ; 0      ; 0; 0    ; 0      ; 0      ; 0.00   ; 0.0
Michael Thomas         ; M      ; 1      ; 0      ; 12     ; 0      ; 0      ; 0      ; 0      ; 0      ; 0; 0    ; 0      ; 0      ; 0.00   ; 0.0
Taylor Morgan          ; F      ; 1      ; 0      ; 15     ; 0      ; 0      ; 0      ; 0      ; 0      ; 0; 0    ; 0      ; 0      ; 0.00   ; 0.0
Maximiliano Urruti     ; F      ; 2      ; 0      ; 37     ; 0      ; 0      ; 0      ; 0      ; 0      ; 0; 0    ; 1      ; 0      ; 0.00   ; 0.0
Danny Koevermans       ; F      ; 4      ; 1      ; 78     ; 0      ; 0      ; 2      ; 2      ; 0      ; 0; 0    ; 0      ; 0      ; 0.00   ; 0.0
Stefan Frei            ; GK     ; 1      ; 1      ; 90     ; 0      ; 0      ; 0      ; 0      ; 0      ; 0; 0    ; 0      ; 0      ; 0.00   ; 0.0
Jonas Elmer            ; D      ; 3      ; 1      ; 128    ; 0      ; 0      ; 1      ; 0      ; 0      ; 0; 0    ; 0      ; 0      ; 0.00   ; 0.0
Logan Emory            ; D      ; 3      ; 3      ; 238    ; 0      ; 0      ; 1      ; 0      ; 0      ; 0; 0    ; 0      ; 0      ; 0.00   ; 0.0
Terry Dunfield         ; M      ; 4      ; 4      ; 311    ; 0      ; 0      ; 4      ; 1      ; 0      ; 0; 0    ; 0      ; 0      ; 0.00   ; 0.0
Kyle Bekker            ; M      ; 9      ; 3      ; 335    ; 0      ; 0      ; 11     ; 1      ; 0      ; 0; 0    ; 0      ; 0      ; 0.00   ; 0.0
Danny Califf           ; D      ; 4      ; 4      ; 354    ; 0      ; 0      ; 1      ; 0      ; 0      ; 0; 0    ; 0      ; 0      ; 0.00   ; 0.0
John Bostock           ; M      ; 7      ; 4      ; 388    ; 0      ; 0      ; 5      ; 2      ; 0      ; 0; 0    ; 0      ; 0      ; 0.00   ; 0.0
Hogan Ephraim          ; M      ; 11     ; 9      ; 775    ; 0      ; 0      ; 5      ; 3      ; 0      ; 0; 0    ; 0      ; 0      ; 0.00   ; 0.0
Gale Agbossoumonde     ; D      ; 13     ; 12     ; 1081   ; 0      ; 0      ; 2      ; 0      ; 0      ; 0; 0    ; 0      ; 0      ; 0.00   ; 0.0
Richard Eckersley      ; D      ; 16     ; 16     ; 1438   ; 0      ; 0      ; 8      ; 3      ; 0      ; 0; 0    ; 0      ; 0      ; 0.00   ; 0.0
Joseph Bendik          ; GK     ; 33     ; 33     ; 2970   ; 0      ; 0      ; 0      ; 0      ; 0      ; 0; 0    ; 0      ; 0      ; 0.00   ; 0.0

Team: Vancouver Whitecaps

Camilo Sanvezzo        ; F      ; 32     ; 27     ; 2418   ; 22     ; 6      ; 123    ; 55     ; 5      ; 5; 5    ; 14     ; 8      ; 0.82   ; 17.9
Kenny Miller           ; F      ; 21     ; 19     ; 1643   ; 8      ; 1      ; 41     ; 15     ; 5      ; 1; 1    ; 5      ; 3      ; 0.44   ; 19.5
Kekuta Manneh          ; F      ; 20     ; 6      ; 764    ; 6      ; 2      ; 38     ; 15     ; 1      ; 0; 0    ; 2      ; 4      ; 0.71   ; 15.8
Jordan Harvey          ; D      ; 24     ; 23     ; 2082   ; 4      ; 1      ; 10     ; 6      ; 0      ; 0; 0    ; 2      ; 2      ; 0.17   ; 40.0
Gershon Koffie         ; M      ; 26     ; 21     ; 1911   ; 3      ; 3      ; 25     ; 9      ; 1      ; 0; 0    ; 3      ; 0      ; 0.14   ; 12.0
Darren Mattocks        ; F      ; 20     ; 8      ; 911    ; 3      ; 1      ; 45     ; 14     ; 0      ; 0; 0    ; 2      ; 1      ; 0.30   ; 6.7
Russell Teibert        ; F-M    ; 24     ; 19     ; 1777   ; 2      ; 9      ; 29     ; 7      ; 1      ; 0; 0    ; 2      ; 0      ; 0.10   ; 6.9
Daigo Kobayashi        ; M      ; 30     ; 21     ; 1651   ; 2      ; 4      ; 18     ; 6      ; 0      ; 0; 0    ; 1      ; 1      ; 0.11   ; 11.1
Nigel Reo-Coker        ; M      ; 32     ; 31     ; 2817   ; 1      ; 4      ; 17     ; 5      ; 0      ; 0; 0    ; 0      ; 1      ; 0.03   ; 5.9
Tommy Heinemann        ; F      ; 14     ; 3      ; 286    ; 1      ; 1      ; 7      ; 2      ; 0      ; 0; 0    ; 1      ; 0      ; 0.31   ; 14.3
Corey Hertzog          ; F      ; 7      ; 6      ; 428    ; 1      ; 1      ; 8      ; 4      ; 0      ; 0; 0    ; 0      ; 1      ; 0.21   ; 12.5
Lee Young-Pyo          ; D      ; 32     ; 30     ; 2747   ; 0      ; 6      ; 12     ; 3      ; 0      ; 0; 0    ; 0      ; 0      ; 0.00   ; 0.0
Erik Hurtado           ; M      ; 15     ; 4      ; 489    ; 0      ; 2      ; 13     ; 3      ; 0      ; 0; 0    ; 0      ; 0      ; 0.00   ; 0.0
Brad Knighton          ; GK     ; 11     ; 11     ; 990    ; 0      ; 2      ; 0      ; 0      ; 0      ; 0; 0    ; 0      ; 0      ; 0.00   ; 0.0
Carlyle Mitchell       ; D      ; 15     ; 13     ; 1179   ; 0      ; 2      ; 5      ; 1      ; 0      ; 0; 0    ; 0      ; 0      ; 0.00   ; 0.0
Matt Watson            ; M      ; 21     ; 15     ; 1292   ; 0      ; 1      ; 14     ; 2      ; 0      ; 0; 0    ; 0      ; 0      ; 0.00   ; 0.0
Jun Marques Davidson   ; M      ; 26     ; 24     ; 1961   ; 0      ; 1      ; 4      ; 0      ; 0      ; 0; 0    ; 0      ; 0      ; 0.00   ; 0.0
Adam Clement           ; D      ; 0      ; 0      ; 0      ; 0      ; 0      ; 0      ; 0      ; 0      ; 0; 0    ; 0      ; 0      ; 0.00   ; 0.0
Aminu Abdallah         ; M      ; 0      ; 0      ; 0      ; 0      ; 0      ; 0      ; 0      ; 0      ; 0; 0    ; 0      ; 0      ; 0.00   ; 0.0
Bryce Alderson         ; M      ; 0      ; 0      ; 0      ; 0      ; 0      ; 0      ; 0      ; 0      ; 0; 0    ; 0      ; 0      ; 0.00   ; 0.0
Caleb Clarke           ; F      ; 0      ; 0      ; 0      ; 0      ; 0      ; 0      ; 0      ; 0      ; 0; 0    ; 0      ; 0      ; 0.00   ; 0.0
Omar Salgado           ; F      ; 0      ; 0      ; 0      ; 0      ; 0      ; 0      ; 0      ; 0      ; 0; 0    ; 0      ; 0      ; 0.00   ; 0.0
Paulo Junior           ; F      ; 0      ; 0      ; 0      ; 0      ; 0      ; 0      ; 0      ; 0      ; 0; 0    ; 0      ; 0      ; 0.00   ; 0.0
Simon Thomas           ; GK     ; 0      ; 0      ; 0      ; 0      ; 0      ; 0      ; 0      ; 0      ; 0; 0    ; 0      ; 0      ; 0.00   ; 0.0
Greg Klazura           ; D-M    ; 2      ; 1      ; 85     ; 0      ; 0      ; 0      ; 0      ; 0      ; 0; 0    ; 0      ; 0      ; 0.00   ; 0.0
Caleb Clarke           ; F      ; 0      ; 0      ; 0      ; 0      ; 0      ; 0      ; 0      ; 0      ; 0; 0    ; 0      ; 0      ; 0.00   ; 0.0
Omar Salgado           ; F      ; 0      ; 0      ; 0      ; 0      ; 0      ; 0      ; 0      ; 0      ; 0; 0    ; 0      ; 0      ; 0.00   ; 0.0
Paulo Junior           ; F      ; 0      ; 0      ; 0      ; 0      ; 0      ; 0      ; 0      ; 0      ; 0; 0    ; 0      ; 0      ; 0.00   ; 0.0
Simon Thomas           ; GK     ; 0      ; 0      ; 0      ; 0      ; 0      ; 0      ; 0      ; 0      ; 0; 0    ; 0      ; 0      ; 0.00   ; 0.0
Greg Klazura           ; D-M    ; 2      ; 1      ; 85     ; 0      ; 0      ; 0      ; 0      ; 0      ; 0; 0    ; 0      ; 0      ; 0.00   ; 0.0
Sam Adekugbe           ; D      ; 1      ; 1      ; 90     ; 0      ; 0      ; 0      ; 0      ; 0      ; 0; 0    ; 0      ; 0      ; 0.00   ; 0.0
Jay DeMerit            ; D      ; 8      ; 7      ; 607    ; 0      ; 0      ; 2      ; 1      ; 0      ; 0; 0    ; 0      ; 0      ; 0.00   ; 0.0
Joe Cannon             ; GK     ; 10     ; 10     ; 900    ; 0      ; 0      ; 0      ; 0      ; 0      ; 0; 0    ; 0      ; 0      ; 0.00   ; 0.0
Alain Rochat           ; D      ; 12     ; 11     ; 969    ; 0      ; 0      ; 6      ; 2      ; 0      ; 0; 0    ; 0      ; 0      ; 0.00   ; 0.0
David Ousted           ; GK     ; 13     ; 13     ; 1170   ; 0      ; 0      ; 0      ; 0      ; 0      ; 0; 0    ; 0      ; 0      ; 0.00   ; 0.0
Brad Rusin             ; D      ; 19     ; 16     ; 1391   ; 0      ; 0      ; 9      ; 2      ; 0      ; 0; 0    ; 0      ; 0      ; 0.00   ; 0.0
Andy O'Brien           ; D      ; 16     ; 16     ; 1400   ; 0      ; 0      ; 4      ; 2      ; 0      ; 0; 0    ; 0      ; 0      ; 0.00   ; 0.0
Johnny Leveron         ; D      ; 18     ; 18     ; 1620   ; 0      ; 0      ; 8      ; 1      ; 0      ; 0; 0    ; 0      ; 0      ; 0.00   ; 0.0