BlockSource: http://www.mlssoccer.com/stats/season?page=1&season_year=2014&season_type=REG&team=1708&group=GOALS&op=Search&form_id=mls_stats_individual_form
Competition: Major League Soccer
Season: 2014

Key: player; position; games_played; games_started; minutes; goals; assists; shots; shots_on_goal; game_winning_goals; pk_goals/a; home_goals; road_goals; g/90; sc%


Team: Chicago Fire

Quincy Amarikwa; F; 32; 29; 2549; 8; 5; 76; 29; 1; 0/0; 2; 6; 0.28; 10.5
Harry Shipp; F; 33; 26; 2346; 7; 6; 40; 16; 0; 0/0; 3; 4; 0.27; 17.5
Mike Magee; F; 17; 17; 1519; 7; 4; 40; 16; 2; 03/05/14; 6; 1; 0.41; 17.5
Jeff Larentowicz; M; 33; 33; 2970; 6; 3; 43; 19; 0; 04/05/14; 5; 1; 0.18; 14
Robert Earnshaw; F; 5; 1; 174; 3; 0; 10; 6; 1; 0/0; 1; 2; 1.55; 30
Juan Luis Anangono; F; 15; 4; 472; 2; 0; 18; 5; 0; 0/1; 2; 0; 0.38; 11.1
Patrick Nyarko; M; 17; 9; 846; 1; 3; 10; 5; 1; 0/0; 0; 1; 0.11; 10
Grant Ward; M; 23; 12; 1051; 1; 2; 15; 4; 0; 0/0; 0; 1; 0.09; 6.7
Sanna Nyassi; M; 10; 6; 496; 1; 1; 11; 2; 0; 0/0; 0; 2; 0.18; 9.1
Matt Watson; M; 27; 22; 2034; 1; 1; 25; 9; 0; 0/0; 1; 0; 0.04; 4
Lovel Palmer; M; 30; 29; 2625; 1; 1; 30; 8; 0; 0/0; 1; 0; 0.03; 3.3
Florent Sinama-Pongolle; F; 7; 4; 391; 1; 0; 9; 4; 1; 0/0; 1; 0; 0.23; 11.1
Benji Joya; M; 12; 9; 651; 1; 0; 16; 3; 0; 0/0; 0; 1; 0.14; 6.3
Jhon Kennedy Hurtado; D; 19; 19; 1632; 1; 0; 6; 3; 0; 0/0; 0; 1; 0.06; 16.7
Greg Cochrane; D; 12; 12; 1063; 0; 2; 4; 1; 0; 0/0; 0; 0; 0; 0
Alex; M; 28; 24; 1986; 0; 1; 28; 7; 0; 0/0; 0; 0; 0; 0
Alec Kann; GK; 0; 0; 0; 0; 0; 0; 0; 0; 0/0; 0; 0; 0; 0
Giuseppe Gentile; F; 0; 0; 0; 0; 0; 0; 0; 0; 0/0; 0; 0; 0; 0
Hunter Jumper; D; 0; 0; 0; 0; 0; 0; 0; 0; 0/0; 0; 0; 0; 0
Marco Franco; D-M; 0; 0; 0; 0; 0; 0; 0; 0; 0/0; 0; 0; 0; 0
Orr Barouch; F; 0; 0; 0; 0; 0; 0; 0; 0; 0/0; 0; 0; 0; 0
Victor Pineda; M; 4; 0; 40; 0; 0; 1; 0; 0; 0/0; 0; 0; 0; 0
Chris Rolfe; F-M; 2; 1; 76; 0; 0; 1; 0; 0; 0/0; 4; 2; 0; 0
Kyle Reynish; GK; 1; 1; 90; 0; 0; 0; 0; 0; 0/0; 0; 0; 0; 0
Matthew Fondy; F; 8; 0; 107; 0; 0; 4; 3; 0; 0/0; 0; 0; 0; 0
Steven Kinney; D; 2; 2; 135; 0; 0; 2; 0; 0; 0/0; 0; 0; 0; 0
Dilly Duka; M; 6; 3; 331; 0; 0; 10; 3; 0; 0/0; 1; 2; 0; 0
Chris Ritter; M; 10; 8; 636; 0; 0; 4; 2; 0; 0/0; 0; 0; 0; 0
Logan Pause; M; 12; 6; 654; 0; 0; 2; 0; 0; 0/0; 0; 0; 0; 0
Razvan Cocis; M; 10; 8; 713; 0; 0; 10; 0; 0; 0/0; 0; 0; 0; 0
Patrick Ianni; D-M; 12; 11; 1013; 0; 0; 2; 1; 0; 0/0; 0; 0; 0; 0
Gonzalo Segares; D; 21; 20; 1741; 0; 0; 2; 1; 0; 0/0; 0; 0; 0; 0
Bakary Soumare; D; 26; 25; 2275; 0; 0; 4; 1; 0; 0/0; 0; 0; 0; 0
Sean Johnson; GK; 33; 33; 2970; 0; 0; 0; 0; 0; 0/0; 0; 0; 0; 0


Team: Chivas USA

Erick Torres; F; 29; 29; 2510; 15; 1; 95; 32; 4; 05/06/14; 6; 9; 0.54; 15.8
Felix Borja; F; 12; 12; 1009; 3; 0; 24; 12; 3; 0/0; 3; 0; 0.27; 12.5
Marky Delgado; M; 20; 12; 1121; 2; 1; 12; 4; 0; 0/0; 1; 1; 0.16; 16.7
Marvin Chavez; M; 14; 8; 703; 2; 0; 9; 2; 1; 0/0; 0; 2; 0.26; 22.2
Leandro Barrera; F; 32; 24; 2071; 1; 2; 36; 16; 0; 0/0; 0; 1; 0.04; 2.8
Kris Tyrpak; F; 9; 0; 156; 1; 1; 1; 1; 0; 0/0; 1; 0; 0.58; 100
Ryan Finley; F; 16; 4; 437; 1; 0; 13; 4; 0; 01/01/14; 1; 0; 0.21; 7.7
Thomas McNamara; M; 6; 6; 467; 1; 0; 6; 3; 0; 0/0; 1; 0; 0.19; 16.7
Agustin Pelletieri; M; 27; 22; 1684; 1; 0; 10; 4; 0; 0/0; 0; 1; 0.05; 10
Bobby Burling; D; 22; 20; 1807; 1; 0; 8; 1; 1; 0/0; 1; 0; 0.05; 12.5
Mauro Rosales; M; 21; 16; 1557; 0; 8; 21; 4; 0; 0/0; 0; 0; 0; 0
Martin Rivero; M; 7; 6; 577; 0; 3; 4; 1; 0; 0/0; 0; 0; 0; 0
Adolfo Bautista; F; 7; 1; 148; 0; 1; 3; 0; 0; 0/0; 0; 0; 0; 0
Matthew Dunn; M; 7; 4; 407; 0; 1; 0; 0; 0; 0/0; 0; 0; 0; 0
Andrew Jean-Baptiste; D; 10; 8; 731; 0; 1; 8; 0; 0; 0/0; 0; 0; 0; 0
Akira Kaji; D; 15; 14; 1270; 0; 1; 0; 0; 0; 0/0; 0; 0; 0; 0
Tony Lochhead; D; 20; 19; 1697; 0; 1; 1; 0; 0; 0/0; 0; 0; 0; 0
Eric Avila; M; 29; 26; 2171; 0; 1; 16; 5; 0; 0/0; 0; 0; 0; 0
Andrew Ribeiro; D; 0; 0; 0; 0; 0; 0; 0; 0; 0/0; 0; 0; 0; 0
Caleb Calvert; F; 0; 0; 0; 0; 0; 0; 0; 0; 0/0; 0; 0; 0; 0
Carlos Borja; D; 0; 0; 0; 0; 0; 0; 0; 0; 0/0; 0; 0; 0; 0
Gabriel Farfan; M; 0; 0; 0; 0; 0; 0; 0; 0; 0/0; 0; 0; 0; 0
Jose Correa; F; 0; 0; 0; 0; 0; 0; 0; 0; 0/0; 0; 0; 0; 0
Lyle Martin; F; 0; 0; 0; 0; 0; 0; 0; 0; 0/0; 0; 0; 0; 0
Michael Nwiloh; D; 0; 0; 0; 0; 0; 0; 0; 0; 0/0; 0; 0; 0; 0
Daniel Fragoso; M; 2; 0; 11; 0; 0; 1; 0; 0; 0/0; 0; 0; 0; 0
Matthew Fondy; F; 1; 0; 19; 0; 0; 1; 0; 0; 0/0; 0; 0; 0; 0
Trevor Spangenberg; GK; 1; 0; 22; 0; 0; 0; 0; 0; 0/0; 0; 0; 0; 0
Luis Bolanos; F; 3; 0; 51; 0; 0; 2; 0; 0; 0/0; 0; 0; 0; 0
Tim Melia; GK; 2; 1; 79; 0; 0; 0; 0; 0; 0/0; 0; 0; 0; 0
Luke Moore; F; 6; 2; 187; 0; 0; 5; 3; 0; 0/0; 3; 3; 0; 0
Jhon Kennedy Hurtado; D; 6; 5; 450; 0; 0; 0; 0; 0; 0/0; 0; 1; 0; 0
Carlos Alvarez; M; 11; 7; 694; 0; 0; 15; 3; 0; 0/0; 0; 0; 0; 0
Nigel Reo-Coker; M; 9; 9; 770; 0; 0; 5; 2; 0; 0/0; 0; 0; 0; 0
Nathan Sturgis; M; 16; 9; 885; 0; 0; 2; 0; 0; 0/0; 0; 0; 0; 0
Eriq Zavaleta; F; 17; 15; 1323; 0; 0; 2; 1; 0; 0/0; 0; 0; 0; 0
Oswaldo Minda; M; 20; 20; 1613; 0; 0; 5; 0; 0; 0/0; 0; 0; 0; 0
Carlos Bocanegra; D; 18; 18; 1620; 0; 0; 4; 1; 0; 0/0; 0; 0; 0; 0
Donny Toia; D; 27; 24; 2240; 0; 0; 13; 3; 0; 0/0; 0; 0; 0; 0
Dan Kennedy; GK; 33; 33; 2957; 0; 0; 0; 0; 0; 0/0; 0; 0; 0; 0


Team: Colorado Rapids

Deshorn Brown; F; 30; 26; 2288; 10; 0; 121; 46; 1; 0/1; 6; 4; 0.39; 8.3
Vicente Sanchez; F; 17; 12; 1011; 6; 0; 25; 11; 2; 05/05/14; 5; 1; 0.53; 24
Dillon Powers; M; 30; 27; 2328; 5; 9; 33; 12; 1; 03/03/14; 4; 1; 0.19; 15.2
Jose Mari; M; 20; 20; 1745; 4; 1; 34; 11; 1; 0/0; 0; 4; 0.21; 11.8
Dillon Serna; M; 27; 18; 1623; 3; 4; 39; 14; 0; 0/0; 0; 3; 0.17; 7.7
Gabriel Torres; F; 23; 11; 1090; 3; 1; 26; 12; 0; 01/01/14; 2; 1; 0.25; 11.5
Edson Buddle; F; 18; 12; 1116; 2; 1; 33; 9; 1; 0/0; 1; 1; 0.16; 6.1
Drew Moor; D; 23; 23; 1994; 2; 1; 15; 7; 0; 0/0; 1; 1; 0.09; 13.3
Kamani Hill; F; 15; 11; 866; 2; 0; 17; 7; 1; 0/0; 2; 0; 0.21; 11.8
Marc Burch; D; 22; 21; 1899; 1; 3; 11; 1; 0; 0/0; 1; 0; 0.05; 9.1
Marlon Hairston; M; 22; 9; 988; 1; 1; 12; 4; 0; 0/0; 1; 0; 0.09; 8.3
Nick LaBrocca; M; 31; 29; 2584; 1; 1; 32; 7; 1; 0/0; 1; 0; 0.03; 3.1
John Neeskens; D; 5; 3; 273; 1; 0; 5; 1; 0; 0/0; 0; 1; 0.33; 20
Shane O'Neill; D; 21; 21; 1890; 1; 0; 6; 4; 0; 0/0; 1; 0; 0.05; 16.7
Nathan Sturgis; M; 6; 4; 316; 0; 1; 1; 0; 0; 0/0; 0; 0; 0; 0
Charles Eloundou; F; 11; 4; 417; 0; 1; 20; 10; 0; 0/0; 0; 0; 0; 0
Carlos Alvarez; M; 10; 6; 568; 0; 1; 14; 4; 0; 0/0; 0; 0; 0; 0
Jared Watts; M; 17; 13; 1149; 0; 1; 8; 2; 0; 0/0; 0; 0; 0; 0
Christopher Klute; D; 25; 24; 2132; 0; 1; 6; 2; 0; 0/0; 0; 0; 0; 0
Marvell Wynne; D; 28; 27; 2404; 0; 1; 3; 0; 0; 0/0; 0; 0; 0; 0
Brenton Griffiths; D; 0; 0; 0; 0; 0; 0; 0; 0; 0/0; 0; 0; 0; 0
Brian Mullan; D; 0; 0; 0; 0; 0; 0; 0; 0; 0/0; 0; 0; 0; 0
Gale Agbossoumonde; D; 0; 0; 0; 0; 0; 0; 0; 0; 0/0; 0; 0; 0; 0
Matt Pickens; GK; 0; 0; 0; 0; 0; 0; 0; 0; 0/0; 0; 0; 0; 0
Grant van de Casteele; D; 1; 0; 29; 0; 0; 0; 0; 0; 0/0; 0; 0; 0; 0
Marvin Chavez; M; 2; 0; 39; 0; 0; 2; 1; 0; 0/0; 0; 2; 0; 0
Davy Armstrong; M; 2; 0; 57; 0; 0; 0; 0; 0; 0/0; 0; 0; 0; 0
Danny Mwanga; F; 6; 2; 214; 0; 0; 5; 0; 0; 0/0; 0; 0; 0; 0
Joe Nasco; GK; 4; 4; 271; 0; 0; 0; 0; 0; 0/0; 0; 0; 0; 0
Zat Knight; D; 4; 3; 315; 0; 0; 4; 1; 0; 0/0; 0; 0; 0; 0
John Berner; GK; 5; 5; 450; 0; 0; 0; 0; 0; 0/0; 0; 0; 0; 0
Thomas Piermayr; D; 14; 14; 1146; 0; 0; 4; 0; 0; 0/0; 0; 0; 0; 0
Clint Irwin; GK; 26; 25; 2336; 0; 0; 0; 0; 0; 0/0; 0; 0; 0; 0



Team: Columbus Crew

Ethan Finlay; F; 29; 21; 1898; 11; 7; 50; 22; 5; 0/0; 4; 7; 0.52; 22
Federico Higuain; F; 29; 28; 2488; 11; 7; 73; 25; 1; 05/08/14; 3; 8; 0.4; 15.1
Justin Meram; M; 32; 19; 1683; 8; 4; 52; 21; 3; 0/0; 5; 3; 0.43; 15.4
Bernardo Anor; M; 27; 18; 1672; 6; 1; 53; 19; 3; 0/0; 6; 0; 0.32; 11.3
Jairo Arrieta; F; 23; 14; 1236; 5; 1; 44; 16; 2; 01/01/14; 3; 2; 0.36; 11.4
Aaron Schoenfeld; F; 15; 7; 748; 3; 1; 24; 11; 0; 0/0; 1; 2; 0.36; 12.5
Adam Bedell; F; 16; 7; 632; 2; 0; 14; 10; 0; 0/0; 1; 1; 0.28; 14.3
Hector Jimenez; M; 24; 19; 1694; 1; 5; 23; 6; 0; 0/0; 1; 0; 0.05; 4.3
Wil Trapp; M; 28; 28; 2486; 1; 4; 11; 3; 0; 0/0; 0; 1; 0.04; 9.1
Ben Speas; M; 13; 8; 704; 1; 3; 20; 3; 0; 0/0; 1; 0; 0.13; 5
Agustin Viana; M-D; 4; 4; 300; 1; 0; 5; 1; 0; 0/0; 0; 1; 0.3; 20
Giancarlo Gonzalez; D; 17; 17; 1530; 1; 0; 9; 1; 0; 0/0; 1; 0; 0.06; 11.1
Waylon Francis; D; 24; 24; 2111; 0; 6; 11; 3; 0; 0/0; 0; 0; 0; 0
Tony Tchani; M; 33; 33; 2942; 0; 6; 35; 8; 0; 0/0; 0; 0; 0; 0
Josh Williams; D; 14; 13; 1123; 0; 1; 11; 2; 0; 0/0; 0; 0; 0; 0
Ben Sweat; D; 0; 0; 0; 0; 0; 0; 0; 0; 0/0; 0; 0; 0; 0
Brad Stuver; GK; 0; 0; 0; 0; 0; 0; 0; 0; 0/0; 0; 0; 0; 0
Matt Lampson; GK; 0; 0; 0; 0; 0; 0; 0; 0; 0/0; 0; 0; 0; 0
Matt Walker; M; 0; 0; 0; 0; 0; 0; 0; 0; 0/0; 0; 0; 0; 0
Matthew Wiet; D; 0; 0; 0; 0; 0; 0; 0; 0; 0/0; 0; 0; 0; 0
Ross Friedman; D; 0; 0; 0; 0; 0; 0; 0; 0; 0/0; 0; 0; 0; 0
Ryan Finley; F; 0; 0; 0; 0; 0; 0; 0; 0; 0/0; 1; 0; 0; 0
Fifi Baiden; M; 1; 0; 17; 0; 0; 0; 0; 0; 0/0; 0; 0; 0; 0
Alvaro Rey; M; 2; 0; 32; 0; 0; 0; 0; 0; 0/0; 0; 0; 0; 0
Romain Gall; M; 3; 0; 43; 0; 0; 0; 0; 0; 0/0; 0; 0; 0; 0
Emanuel Pogatetz; D; 2; 0; 52; 0; 0; 0; 0; 0; 0/0; 0; 0; 0; 0
Kevan George; M; 4; 2; 204; 0; 0; 2; 0; 0; 0/0; 0; 0; 0; 0
Daniel Paladini; M; 4; 3; 221; 0; 0; 4; 1; 0; 0/0; 0; 0; 0; 0
Dominic Oduro; F-M; 11; 6; 593; 0; 0; 15; 4; 0; 0/0; 1; 1; 0; 0
Chad Barson; D; 13; 8; 766; 0; 0; 3; 2; 0; 0/0; 0; 0; 0; 0
Eric Gehrig; D; 20; 14; 1178; 0; 0; 10; 2; 0; 0/0; 0; 0; 0; 0
Tyson Wahl; D; 18; 15; 1396; 0; 0; 1; 0; 0; 0/0; 0; 0; 0; 0
Michael Parkhurst; D; 33; 32; 2806; 0; 0; 4; 1; 0; 0/0; 0; 0; 0; 0
Steve Clark; GK; 34; 34; 3060; 0; 0; 0; 0; 0; 0/0; 0; 0; 0; 0



Team: DC United

Fabian Espindola; F; 27; 24; 2124; 11; 9; 68; 31; 3; 0/1; 6; 5; 0.47; 16.2
Luis Silva; F-M; 27; 22; 1523; 11; 4; 39; 17; 4; 02/02/14; 5; 6; 0.65; 28.2
Eddie Johnson; F; 26; 22; 1957; 7; 3; 42; 18; 2; 02/02/14; 5; 2; 0.32; 16.7
Chris Rolfe; F-M; 21; 20; 1679; 6; 6; 33; 13; 3; 0/0; 4; 2; 0.32; 18.2
Perry Kitchen; M; 31; 31; 2790; 5; 4; 18; 11; 2; 0/0; 2; 3; 0.16; 27.8
Nick DeLeon; M; 32; 31; 2707; 2; 5; 47; 18; 0; 0/0; 0; 2; 0.07; 4.3
Davy Arnaud; M; 31; 30; 2626; 2; 0; 21; 6; 1; 0/0; 1; 1; 0.07; 9.5
Sean Franklin; D; 29; 28; 2532; 1; 4; 16; 3; 0; 0/0; 1; 0; 0.04; 6.3
Bobby Boswell; D; 34; 34; 3045; 1; 3; 19; 5; 1; 0/0; 1; 0; 0.03; 5.3
Taylor Kemp; D; 13; 12; 1083; 1; 2; 5; 2; 0; 0/0; 0; 1; 0.08; 20
Chris Pontius; M-F; 6; 3; 276; 1; 0; 6; 4; 0; 0/0; 1; 0; 0.33; 16.7
Chris Korb; D; 19; 15; 1376; 0; 3; 4; 2; 0; 0/0; 0; 0; 0; 0
David Estrada; M-F; 9; 3; 301; 0; 2; 4; 1; 0; 0/0; 0; 0; 0; 0
Samuel Inkoom; M; 2; 1; 70; 0; 1; 0; 0; 0; 0/0; 0; 0; 0; 0
Lewis Neal; M; 26; 7; 899; 0; 1; 3; 1; 0; 0/0; 0; 0; 0; 0
Cristian Fernandez; D; 15; 15; 1342; 0; 1; 9; 3; 0; 0/0; 0; 0; 0; 0
Bill Hamid; GK; 30; 30; 2700; 0; 1; 0; 0; 0; 0/0; 0; 0; 0; 0
Christiano Francois; F; 0; 0; 0; 0; 0; 0; 0; 0; 0/0; 0; 0; 0; 0
Conor Shanosky; M-D; 0; 0; 0; 0; 0; 0; 0; 0; 0/0; 0; 0; 0; 0
Jalen Robinson; D; 0; 0; 0; 0; 0; 0; 0; 0; 0/0; 0; 0; 0; 0
Joe Willis; GK; 0; 0; 0; 0; 0; 0; 0; 0; 0/0; 0; 0; 0; 0
Kofi Opare; D; 0; 0; 0; 0; 0; 0; 0; 0; 0/0; 0; 0; 0; 0
Nana Attakora; D; 0; 0; 0; 0; 0; 0; 0; 0; 0/0; 0; 0; 0; 0
Victor Munoz; M; 0; 0; 0; 0; 0; 0; 0; 0; 0/0; 0; 0; 0; 0
Michael Seaton; F; 2; 1; 60; 0; 0; 3; 2; 0; 0/0; 0; 0; 0; 0
Kyle Porter; M; 5; 0; 65; 0; 0; 3; 1; 0; 0/0; 0; 0; 0; 0
Alex Caskey; M; 11; 2; 198; 0; 0; 3; 1; 0; 0/0; 0; 0; 0; 0
Collin Martin; M; 6; 2; 198; 0; 0; 3; 0; 0; 0/0; 0; 0; 0; 0
Conor Doyle; F; 17; 1; 301; 0; 0; 4; 2; 0; 0/0; 0; 0; 0; 0
Jared Jeffrey; M; 10; 2; 329; 0; 0; 4; 1; 0; 0/0; 0; 0; 0; 0
Andrew Dykstra; GK; 4; 4; 360; 0; 0; 0; 0; 0; 0/0; 0; 0; 0; 0
Jeff Parke; D; 13; 13; 1162; 0; 0; 1; 1; 0; 0/0; 0; 0; 0; 0
Steve Birnbaum; D; 21; 21; 1890; 0; 0; 11; 1; 0; 0/0; 0; 0; 0; 0


Team: FC Dallas

Blas Perez; F; 29; 24; 2061; 11; 6; 55; 21; 3; 02/03/14; 7; 4; 0.48; 20
Fabian Castillo; F; 27; 26; 2282; 10; 4; 74; 32; 4; 0/1; 7; 3; 0.39; 13.5
Michel; M-D; 25; 20; 1787; 8; 5; 36; 13; 1; 05/05/14; 3; 5; 0.4; 22.2
Tesho Akindele; F; 26; 18; 1748; 7; 3; 30; 16; 1; 0/0; 2; 5; 0.36; 23.3
Je-Vaughn Watson; M; 31; 29; 2481; 4; 2; 29; 8; 2; 0/0; 2; 2; 0.15; 13.8
David Texeira; F; 19; 9; 839; 4; 0; 19; 10; 1; 0/0; 4; 0; 0.43; 21.1
Mauro Diaz; M; 17; 9; 917; 3; 3; 20; 6; 2; 0/0; 2; 1; 0.29; 15
Matt Hedges; D; 32; 32; 2790; 3; 1; 19; 6; 0; 0/0; 2; 1; 0.1; 15.8
Andres Escobar; F; 23; 18; 1590; 2; 4; 23; 8; 1; 0/0; 2; 0; 0.11; 8.7
Zach Loyd; D; 29; 28; 2414; 1; 0; 5; 2; 0; 0/0; 1; 0; 0.04; 20
Jair Benitez; D; 26; 19; 1716; 0; 4; 10; 2; 0; 0/0; 0; 0; 0; 0
Hendry Thomas; M; 10; 9; 770; 0; 1; 4; 0; 0; 0/0; 0; 0; 0; 0
Kellyn Acosta; D-M; 15; 9; 843; 0; 1; 7; 0; 0; 0/0; 0; 0; 0; 0
Stephen Keel; D; 16; 14; 1307; 0; 1; 1; 0; 0; 0/0; 0; 0; 0; 0
Victor Ulloa; M; 28; 26; 2365; 0; 1; 13; 3; 0; 0/0; 0; 0; 0; 0
Brian Span; M; 0; 0; 0; 0; 0; 0; 0; 0; 0/0; 0; 0; 0; 0
George John; D; 0; 0; 0; 0; 0; 0; 0; 0; 0/0; 0; 0; 0; 0
Jesse Gonzalez; GK; 0; 0; 0; 0; 0; 0; 0; 0; 0/0; 0; 0; 0; 0
Jonathan Top; F; 0; 0; 0; 0; 0; 0; 0; 0; 0/0; 0; 0; 0; 0
London Woodberry; D; 0; 0; 0; 0; 0; 0; 0; 0; 0/0; 0; 0; 0; 0
Richard Sanchez; GK; 0; 0; 0; 0; 0; 0; 0; 0; 0/0; 0; 0; 0; 0
Walter Cabrera; D; 0; 0; 0; 0; 0; 0; 0; 0; 0/0; 0; 0; 0; 0
Nicholas Walker; D; 1; 0; 3; 0; 0; 0; 0; 0; 0/0; 0; 0; 0; 0
Coy Craft; F-M; 1; 0; 6; 0; 0; 0; 0; 0; 0/0; 0; 0; 0; 0
Peter Luccin; M; 11; 2; 245; 0; 0; 8; 2; 0; 0/0; 0; 0; 0; 0
Danny Garcia; M; 4; 4; 282; 0; 0; 2; 2; 0; 0/0; 0; 0; 0; 0
Ryan Hollingshead; M; 11; 4; 289; 0; 0; 6; 1; 0; 0/0; 0; 0; 0; 0
Andrew Jacobson; M; 13; 5; 542; 0; 0; 2; 0; 0; 0/0; 0; 0; 0; 0
Walker Zimmerman; D; 10; 9; 770; 0; 0; 2; 2; 0; 0/0; 0; 0; 0; 0
Moises Hernandez; D; 17; 13; 1116; 0; 0; 7; 2; 0; 0/0; 0; 0; 0; 0
Adam Moffat; M; 20; 13; 1150; 0; 0; 14; 1; 0; 0/0; 0; 0; 0; 0
Chris Seitz; GK; 14; 14; 1242; 0; 0; 0; 0; 0; 0/0; 0; 0; 0; 0
Raul Fernandez; GK; 21; 20; 1818; 0; 0; 0; 0; 0; 0/0; 0; 0; 0; 0


Team: Houston Dynamo

Giles Barnes; M; 34; 34; 3028; 11; 5; 113; 42; 3; 02/03/14; 8; 3; 0.33; 9.7
Will Bruin; F; 27; 24; 2074; 10; 1; 68; 31; 5; 0/0; 8; 2; 0.43; 14.7
Brad Davis; M; 25; 25; 2072; 4; 11; 39; 15; 0; 01/02/14; 1; 3; 0.17; 10.3
Ricardo Clark; M; 25; 24; 2087; 4; 4; 50; 15; 1; 0/0; 2; 2; 0.17; 8
Omar Cummings; F; 26; 14; 1270; 3; 3; 35; 14; 1; 0/0; 2; 1; 0.21; 8.6
Mark Sherrod; F; 9; 3; 223; 2; 1; 9; 2; 0; 0/0; 2; 0; 0.81; 22.2
Boniek Garcia; M; 27; 26; 2206; 2; 1; 25; 9; 0; 0/1; 2; 0; 0.08; 8
David Horst; D; 31; 31; 2653; 1; 1; 15; 1; 1; 0/0; 0; 1; 0.03; 6.7
Kofi Sarkodie; D; 32; 32; 2872; 0; 4; 5; 1; 0; 0/0; 0; 0; 0; 0
Corey Ashe; M; 21; 20; 1879; 0; 3; 8; 2; 0; 0/0; 0; 0; 0; 0
Andrew Driver; M; 34; 22; 1897; 0; 1; 29; 7; 0; 0/0; 0; 0; 0; 0
Anthony Arena; D; 0; 0; 0; 0; 0; 0; 0; 0; 0/0; 0; 0; 0; 0
Bryan Salazar; F; 0; 0; 0; 0; 0; 0; 0; 0; 0/0; 0; 0; 0; 0
Michael Lisch; GK; 0; 0; 0; 0; 0; 0; 0; 0; 0/0; 0; 0; 0; 0
Jason Johnson; F; 8; 0; 186; 0; 0; 5; 2; 0; 0/0; 0; 0; 0; 0
Alexander Lopez; M; 10; 1; 247; 0; 0; 6; 2; 0; 0/0; 0; 0; 0; 0
Eric Brunner; D; 6; 3; 297; 0; 0; 0; 0; 0; 0/0; 0; 0; 0; 0
Brian Ownby; M; 19; 0; 329; 0; 0; 1; 1; 0; 0/0; 0; 0; 0; 0
Tony Cascio; M; 6; 4; 351; 0; 0; 8; 1; 0; 0/0; 0; 0; 0; 0
Servando Carrasco; M; 16; 9; 784; 0; 0; 5; 1; 0; 0/0; 0; 0; 0; 0
DaMarcus Beasley; D-M; 10; 10; 821; 0; 0; 5; 1; 0; 0/0; 0; 0; 0; 0
Warren Creavalle; D; 16; 10; 890; 0; 0; 2; 2; 0; 0/0; 1; 0; 0; 0
Tyler Deric; GK; 11; 10; 910; 0; 0; 0; 0; 0; 0/0; 0; 0; 0; 0
Luis Garrido; M; 11; 11; 915; 0; 0; 6; 2; 0; 0/0; 0; 0; 0; 0
A.J. Cochran; D; 19; 14; 1370; 0; 0; 7; 3; 0; 0/0; 0; 0; 0; 0
Jermaine Taylor; D; 24; 23; 2012; 0; 0; 9; 0; 0; 0/0; 0; 0; 0; 0
Tally Hall; GK; 24; 24; 2150; 0; 0; 0; 0; 0; 0/0; 0; 0; 0; 0



Team: LA Galaxy

Robbie Keane; F; 29; 28; 2549; 19; 14; 122; 54; 5; 01/04/14; 12; 7; 0.67; 15.6
Gyasi Zardes; F; 32; 26; 2392; 16; 2; 74; 30; 6; 0/0; 10; 6; 0.6; 21.6
Landon Donovan; M-F; 31; 30; 2720; 10; 19; 66; 24; 4; 03/03/14; 7; 3; 0.33; 15.2
Stefan Ishizaki; M; 30; 22; 1898; 5; 7; 35; 15; 0; 0/0; 1; 4; 0.24; 14.3
Baggio Husidic; M; 34; 26; 2197; 5; 4; 44; 9; 0; 0/0; 4; 1; 0.2; 11.4
Alan Gordon; F; 14; 5; 511; 5; 1; 22; 13; 1; 0/0; 3; 2; 0.88; 22.7
Omar Gonzalez; D; 22; 22; 1902; 4; 2; 18; 10; 1; 0/0; 2; 2; 0.19; 22.2
Marcelo Sarvas; M; 28; 25; 2218; 3; 11; 39; 15; 0; 0/1; 3; 0; 0.12; 7.7
Leonardo; D; 24; 20; 1837; 1; 0; 8; 1; 0; 0/0; 1; 0; 0.05; 12.5
Dan Gargan; D-M; 29; 27; 2400; 0; 5; 7; 1; 0; 0/0; 0; 0; 0; 0
Juninho; M; 34; 31; 2758; 0; 4; 55; 15; 0; 0/0; 0; 0; 0; 0
Robbie Rogers; M-F; 19; 15; 1372; 0; 2; 13; 4; 0; 0/0; 0; 0; 0; 0
A.J. DeLaGarza; D; 29; 28; 2491; 0; 2; 2; 2; 0; 0/0; 0; 0; 0; 0
Bradford Jamieson; F; 2; 0; 23; 0; 1; 0; 0; 0; 0/0; 0; 0; 0; 0
Rob Friend; F; 10; 4; 376; 0; 1; 14; 3; 0; 0/0; 0; 0; 0; 0
Charlie Rugg; F; 0; 0; 0; 0; 0; 0; 0; 0; 0/0; 0; 0; 0; 0
Jack McBean; F; 0; 0; 0; 0; 0; 0; 0; 0; 0/0; 0; 0; 0; 0
Kyle Venter; D; 0; 0; 0; 0; 0; 0; 0; 0; 0/0; 0; 0; 0; 0
Oscar Sorto; D; 1; 0; 15; 0; 0; 0; 0; 0; 0/0; 0; 0; 0; 0
Rafael Garcia; M; 1; 0; 16; 0; 0; 1; 1; 0; 0/0; 0; 0; 0; 0
Jose Villarreal; F; 5; 0; 19; 0; 0; 0; 0; 0; 0/0; 0; 0; 0; 0
Raul Mendiola; F; 3; 0; 57; 0; 0; 2; 0; 0; 0/0; 0; 0; 0; 0
Chandler Hoffman; F; 8; 0; 61; 0; 0; 4; 2; 0; 0/0; 0; 0; 0; 0
Brian Perk; GK; 2; 2; 180; 0; 0; 0; 0; 0; 0/0; 0; 0; 0; 0
James Riley; D-F; 4; 3; 254; 0; 0; 0; 0; 0; 0/0; 0; 0; 0; 0
Brian Rowe; GK; 3; 3; 270; 0; 0; 0; 0; 0; 0/0; 0; 0; 0; 0
Kenney Walker; M; 8; 4; 329; 0; 0; 2; 0; 0; 0/0; 0; 0; 0; 0
Samuel; F; 8; 4; 358; 0; 0; 10; 2; 0; 0/0; 0; 0; 0; 0
Todd Dunivant; D; 7; 5; 370; 0; 0; 2; 0; 0; 0/0; 0; 0; 0; 0
Kofi Opare; D; 6; 5; 495; 0; 0; 2; 0; 0; 0/0; 0; 0; 0; 0
Tommy Meyer; D; 12; 10; 926; 0; 0; 1; 0; 0; 0/0; 0; 0; 0; 0
Jaime Penedo; GK; 29; 29; 2610; 0; 0; 0; 0; 0; 0/0; 0; 0; 0; 0


Team: Montreal Impact

Marco Di Vaio; F; 26; 17; 1739; 9; 4; 75; 32; 1; 0/1; 7; 2; 0.47; 12
Jack McInerney; F; 26; 21; 1804; 7; 1; 44; 14; 2; 0/0; 6; 2; 0.35; 15.9
Andres Romero; F; 29; 25; 2185; 6; 3; 31; 20; 1; 0/0; 4; 2; 0.25; 19.4
Ignacio Piatti; M; 6; 6; 450; 4; 1; 16; 7; 1; 0/0; 3; 1; 0.8; 25
Felipe Martins; M; 31; 28; 2456; 3; 6; 60; 17; 1; 0/0; 2; 1; 0.11; 5
Dilly Duka; M; 14; 12; 1023; 3; 3; 19; 6; 0; 0/0; 1; 2; 0.26; 15.8
Maxim Tissot; D; 20; 7; 762; 2; 0; 10; 4; 0; 0/0; 1; 1; 0.24; 20
Calum Mallace; M; 23; 12; 1122; 1; 3; 13; 3; 0; 0/0; 0; 1; 0.08; 7.7
Hassoun Camara; D; 28; 26; 2365; 1; 1; 11; 4; 0; 0/0; 0; 1; 0.04; 9.1
Sanna Nyassi; M; 4; 4; 243; 1; 0; 7; 5; 0; 0/0; 0; 2; 0.37; 14.3
Andrew Wenger; F; 4; 3; 286; 1; 0; 7; 4; 0; 0/0; 5; 2; 0.31; 14.3
Justin Mapp; M; 23; 20; 1726; 0; 8; 25; 8; 0; 0/0; 0; 0; 0; 0
Patrice Bernier; M; 26; 20; 1802; 0; 3; 11; 2; 0; 0/1; 0; 0; 0; 0
Mamadou Danso; D; 3; 3; 231; 0; 1; 1; 0; 0; 0/0; 1; 0; 0; 0
Krzysztof Krol; D; 12; 11; 961; 0; 1; 2; 0; 0; 0/0; 0; 0; 0; 0
Wandrille Lefevre; M; 15; 13; 1220; 0; 1; 3; 1; 0; 0/0; 0; 0; 0; 0
Eric Miller; D; 21; 18; 1646; 0; 1; 10; 3; 0; 0/0; 0; 0; 0; 0
Troy Perkins; GK; 21; 21; 1890; 0; 1; 0; 0; 0; 0/0; 0; 0; 0; 0
Adrian Lopez; D; 0; 0; 0; 0; 0; 0; 0; 0; 0/0; 0; 0; 0; 0
Gege Soriola; D; 0; 0; 0; 0; 0; 0; 0; 0; 0/0; 0; 0; 0; 0
James Bissue; M; 0; 0; 0; 0; 0; 0; 0; 0; 0/0; 0; 0; 0; 0
Maxime Crepeau; GK; 0; 0; 0; 0; 0; 0; 0; 0; 0/0; 0; 0; 0; 0
Mechack Jerome; D; 0; 0; 0; 0; 0; 0; 0; 0; 0/0; 0; 0; 0; 0
Nelson Rivas; D; 0; 0; 0; 0; 0; 0; 0; 0; 0/0; 0; 0; 0; 0
Zakaria Messoudi; M; 0; 0; 0; 0; 0; 0; 0; 0; 0/0; 0; 0; 0; 0
Louis Beland-Goyette; M; 1; 0; 15; 0; 0; 0; 0; 0; 0/0; 0; 0; 0; 0
Blake Smith; M; 3; 0; 43; 0; 0; 1; 1; 0; 0/0; 0; 0; 0; 0
Santiago Gonzalez; F; 9; 0; 80; 0; 0; 3; 0; 0; 0/0; 0; 0; 0; 0
Anthony Jackson-Hamel; F; 4; 1; 132; 0; 0; 3; 1; 0; 0/0; 0; 0; 0; 0
Jeremy Gagnon-Lapare; M; 5; 3; 270; 0; 0; 0; 0; 0; 0/0; 0; 0; 0; 0
Gorka Larrea; M; 9; 5; 428; 0; 0; 5; 2; 0; 0/0; 0; 0; 0; 0
Issey Nakajima-Farran; M; 13; 5; 540; 0; 0; 11; 2; 0; 0/0; 0; 2; 0; 0
Jeb Brovsky; D; 7; 7; 596; 0; 0; 2; 2; 0; 0/0; 0; 0; 0; 0
Collen Warner; M; 9; 9; 678; 0; 0; 8; 1; 0; 0/0; 0; 0; 0; 0
Karl Ouimette; D; 11; 9; 834; 0; 0; 2; 0; 0; 0/0; 0; 0; 0; 0
Hernan Bernardello; M; 10; 10; 844; 0; 0; 7; 2; 0; 0/0; 0; 0; 0; 0
Evan Bush; GK; 13; 13; 1170; 0; 0; 0; 0; 0; 0/0; 0; 0; 0; 0
Heath Pearce; D; 23; 20; 1822; 0; 0; 3; 0; 0; 0/0; 0; 0; 0; 0
Matteo Ferrari; D; 25; 25; 2148; 0; 0; 3; 0; 0; 0/0; 0; 0; 0; 0


Team: New England Revolution

Lee Nguyen; M; 32; 32; 2750; 18; 5; 83; 41; 9; 04/04/14; 9; 9; 0.59; 21.7
Kelyn Rowe; M; 27; 21; 1960; 5; 5; 59; 15; 0; 0/0; 2; 3; 0.23; 8.5
Diego Fagundez; M-F; 31; 25; 2142; 5; 4; 67; 23; 1; 0/0; 4; 1; 0.21; 7.5
Teal Bunbury; F; 31; 28; 2446; 4; 6; 53; 28; 1; 0/0; 3; 1; 0.15; 7.5
Patrick Mullins; F; 21; 14; 1198; 4; 1; 37; 16; 1; 0/0; 2; 2; 0.3; 10.8
Charlie Davies; F; 18; 13; 1143; 3; 4; 17; 8; 1; 0/0; 2; 1; 0.24; 17.6
Jermaine Jones; M; 10; 7; 613; 2; 4; 17; 7; 2; 0/0; 1; 1; 0.29; 11.8
A.J. Soares; D; 32; 32; 2806; 2; 1; 21; 4; 0; 0/0; 1; 1; 0.06; 9.5
Chris Tierney; D-M; 24; 21; 1930; 1; 5; 21; 9; 1; 0/1; 0; 1; 0.05; 4.8
Kevin Alston; D; 11; 9; 683; 1; 3; 3; 2; 1; 0/0; 1; 0; 0.13; 33.3
Darrius Barnes; D; 22; 16; 1628; 1; 2; 6; 2; 0; 0/0; 0; 1; 0.06; 16.7
Jose Goncalves; D; 27; 27; 2381; 1; 2; 10; 2; 0; 0/0; 0; 1; 0.04; 10
Jerry Bengtson; F; 7; 1; 238; 1; 0; 4; 1; 0; 0/0; 1; 0; 0.38; 25
Saer Sene; M; 10; 5; 395; 1; 0; 9; 4; 0; 0/0; 1; 0; 0.23; 11.1
Daigo Kobayashi; M; 34; 23; 1867; 0; 4; 24; 6; 0; 0/0; 0; 0; 0; 0
Scott Caldwell; M; 26; 14; 1553; 0; 2; 6; 1; 0; 0/0; 0; 0; 0; 0
Andy Dorman; M; 16; 15; 1237; 0; 1; 10; 3; 0; 0/0; 0; 0; 0; 0
Alec Sundly; M; 0; 0; 0; 0; 0; 0; 0; 0; 0/0; 0; 0; 0; 0
Andre Akpan; F; 0; 0; 0; 0; 0; 0; 0; 0; 0/0; 0; 0; 0; 0
Jossimar Sanchez; D; 0; 0; 0; 0; 0; 0; 0; 0; 0/0; 0; 0; 0; 0
Larry Jackson; GK; 0; 0; 0; 0; 0; 0; 0; 0; 0/0; 0; 0; 0; 0
Luis Soffner; GK; 0; 0; 0; 0; 0; 0; 0; 0; 0/0; 0; 0; 0; 0
Matt Pickens; GK; 0; 0; 0; 0; 0; 0; 0; 0; 0/0; 0; 0; 0; 0
O'Brian Woodbine; D; 0; 0; 0; 0; 0; 0; 0; 0; 0/0; 0; 0; 0; 0
Paolo DelPiccolo; M; 0; 0; 0; 0; 0; 0; 0; 0; 0/0; 0; 0; 0; 0
Shalrie Joseph; M; 0; 0; 0; 0; 0; 0; 0; 0; 0/0; 0; 0; 0; 0
Tony Taylor; F; 1; 0; 9; 0; 0; 0; 0; 0; 0/0; 0; 0; 0; 0
Geoffrey Castillion; F; 1; 0; 14; 0; 0; 0; 0; 0; 0/0; 0; 0; 0; 0
Dimitry Imbongo; F; 2; 0; 32; 0; 0; 0; 0; 0; 0/0; 0; 0; 0; 0
Donnie Smith; F; 1; 1; 45; 0; 0; 0; 0; 0; 0/0; 0; 0; 0; 0
Stephen McCarthy; D; 1; 1; 90; 0; 0; 0; 0; 0; 0/0; 0; 0; 0; 0
Brad Knighton; GK; 2; 2; 180; 0; 0; 0; 0; 0; 0/0; 0; 0; 0; 0
Steve Neumann; M-F; 23; 3; 538; 0; 0; 15; 5; 0; 0/0; 0; 0; 0; 0
Andrew Farrell; D; 32; 32; 2840; 0; 0; 6; 3; 0; 0/0; 0; 0; 0; 0
Bobby Shuttleworth; GK; 32; 32; 2880; 0; 0; 0; 0; 0; 0/0; 0; 0; 0; 0


Team: New York Red Bulls

Bradley Wright-Phillips; F; 32; 29; 2573; 27; 2; 109; 57; 6; 06/06/14; 18; 9; 0.94; 24.8
Thierry Henry; F; 30; 30; 2651; 10; 14; 86; 28; 3; 0/0; 8; 2; 0.34; 11.6
Peguy Luyindula; F; 26; 15; 1385; 5; 1; 23; 12; 0; 01/02/14; 2; 3; 0.32; 21.7
Lloyd Sam; M; 32; 32; 2832; 4; 9; 37; 16; 2; 0/0; 4; 0; 0.13; 10.8
Dax McCarty; M; 31; 29; 2661; 3; 3; 24; 7; 0; 0/0; 2; 1; 0.1; 12.5
Eric Alexander; M; 34; 30; 2641; 2; 9; 25; 12; 1; 0/0; 1; 1; 0.07; 8
Tim Cahill; M; 23; 18; 1516; 2; 2; 26; 8; 0; 0/0; 2; 0; 0.12; 7.7
Jonny Steele; M; 15; 6; 624; 1; 2; 16; 5; 0; 0/0; 0; 1; 0.14; 6.3
Ruben Bover; F; 15; 2; 243; 1; 0; 5; 4; 1; 0/0; 1; 0; 0.37; 20
Kosuke Kimura; D; 13; 10; 884; 0; 3; 0; 0; 0; 0/0; 0; 0; 0; 0
Ambroise Oyongo; D; 13; 11; 1045; 0; 3; 8; 5; 0; 0/0; 0; 0; 0; 0
Roy Miller; D; 23; 22; 1943; 0; 3; 10; 0; 0; 0/0; 0; 0; 0; 0
Matt Miazga; D; 7; 6; 500; 0; 1; 1; 0; 0; 0/0; 0; 0; 0; 0
Chris Duvall; D; 19; 18; 1604; 0; 1; 2; 0; 0; 0/0; 0; 0; 0; 0
Jamison Olave; D; 28; 28; 2519; 0; 1; 13; 0; 0; 0/0; 0; 0; 0; 0
Michael Bustamante; M; 0; 0; 0; 0; 0; 0; 0; 0; 0/0; 0; 0; 0; 0
Ryan Meara; GK; 0; 0; 0; 0; 0; 0; 0; 0; 0/0; 0; 0; 0; 0
Santiago Castano; GK; 0; 0; 0; 0; 0; 0; 0; 0; 0/0; 0; 0; 0; 0
Eric Stevenson; M; 1; 0; 1; 0; 0; 0; 0; 0; 0/0; 0; 0; 0; 0
Damien Perrinelle; D; 2; 0; 7; 0; 0; 0; 0; 0; 0/0; 0; 0; 0; 0
Ian Christianson; M; 3; 0; 9; 0; 0; 0; 0; 0; 0/0; 0; 0; 0; 0
Connor Lade; D; 6; 0; 11; 0; 0; 0; 0; 0; 0/0; 0; 0; 0; 0
Andre Akpan; F; 5; 0; 16; 0; 0; 0; 0; 0; 0/0; 0; 0; 0; 0
Marius Obekop; M; 2; 0; 41; 0; 0; 3; 2; 0; 0/0; 0; 0; 0; 0
Saer Sene; M; 5; 0; 90; 0; 0; 0; 0; 0; 0/0; 1; 0; 0; 0
Richard Eckersley; D; 9; 8; 704; 0; 0; 2; 1; 0; 0/0; 0; 0; 0; 0
Bobby Convey; M; 13; 9; 743; 0; 0; 3; 0; 0; 0/0; 0; 0; 0; 0
Armando; M; 19; 14; 1350; 0; 0; 3; 1; 0; 0/0; 0; 0; 0; 0
Ibrahim Sekagya; D; 25; 23; 1947; 0; 0; 6; 0; 0; 0/0; 0; 0; 0; 0
Luis Robles; GK; 34; 34; 3060; 0; 0; 0; 0; 0; 0/0; 0; 0; 0; 0


Team: Philadelphia Union

Sebastien Le Toux; F-M; 29; 23; 2050; 12; 7; 50; 21; 2; 05/05/14; 8; 4; 0.53; 24
Conor Casey; F; 25; 18; 1434; 8; 2; 39; 17; 3; 01/01/14; 5; 3; 0.5; 20.5
Andrew Wenger; F; 28; 19; 1834; 6; 4; 59; 23; 0; 0/0; 5; 2; 0.29; 10.2
Sheanon Williams; D-M; 24; 23; 2088; 3; 4; 17; 6; 1; 0/0; 3; 0; 0.13; 17.6
Danny Cruz; M; 26; 16; 1352; 3; 2; 35; 16; 1; 0/0; 1; 2; 0.2; 8.6
Maurice Edu; M; 31; 31; 2789; 3; 2; 37; 9; 0; 01/01/14; 1; 2; 0.1; 8.1
Cristian Maidana; M; 26; 23; 1889; 2; 11; 36; 11; 1; 0/0; 0; 2; 0.1; 5.6
Vincent Nogueira; M; 29; 28; 2498; 2; 3; 59; 14; 0; 0/0; 2; 0; 0.07; 3.4
Amobi Okugo; D; 32; 31; 2798; 2; 2; 31; 7; 0; 0/0; 1; 1; 0.06; 6.5
Brian Brown; F; 8; 1; 230; 2; 1; 5; 3; 0; 0/0; 1; 1; 0.78; 40
Leo Fernandes; F; 13; 7; 697; 2; 1; 20; 7; 0; 0/0; 0; 2; 0.26; 10
Pedro Ribeiro; M; 9; 3; 351; 2; 0; 11; 3; 1; 0/0; 2; 0; 0.51; 18.2
Jack McInerney; F; 4; 4; 312; 1; 1; 12; 5; 0; 0/0; 6; 2; 0.29; 8.3
Zach Pfeffer; M; 5; 1; 98; 1; 0; 2; 2; 0; 0/0; 0; 1; 0.92; 50
Fred; M; 11; 3; 343; 1; 0; 8; 2; 1; 0/0; 1; 0; 0.26; 12.5
Fabinho; D; 19; 19; 1636; 0; 2; 7; 0; 0; 0/0; 0; 0; 0; 0
Raymon Gaddis; D; 34; 34; 3051; 0; 2; 8; 2; 0; 0/0; 0; 0; 0; 0
Michael Lahoud; M; 8; 4; 437; 0; 1; 4; 1; 0; 0/0; 0; 0; 0; 0
Austin Berry; D; 6; 6; 497; 0; 1; 2; 0; 0; 0/0; 0; 0; 0; 0
Brian Carroll; M; 21; 17; 1467; 0; 1; 14; 2; 0; 0/0; 0; 0; 0; 0
Brian Holt; GK; 0; 0; 0; 0; 0; 0; 0; 0; 0/0; 0; 0; 0; 0
Cristhian Hernandez; F; 0; 0; 0; 0; 0; 0; 0; 0; 0/0; 0; 0; 0; 0
Keon Daniel; M; 0; 0; 0; 0; 0; 0; 0; 0; 0/0; 0; 0; 0; 0
Richard Marquez; D; 0; 0; 0; 0; 0; 0; 0; 0; 0/0; 0; 0; 0; 0
Jimmy McLaughlin; M; 1; 0; 1; 0; 0; 0; 0; 0; 0/0; 0; 0; 0; 0
Corben Bone; M; 2; 0; 13; 0; 0; 0; 0; 0; 0/0; 0; 0; 0; 0
Andre Blake; GK; 1; 1; 90; 0; 0; 0; 0; 0; 0/0; 0; 0; 0; 0
Antoine Hoppenot; F; 13; 1; 205; 0; 0; 3; 1; 0; 0/0; 0; 0; 0; 0
Rais Mbolhi; GK; 4; 4; 360; 0; 0; 0; 0; 0; 0/0; 0; 0; 0; 0
Carlos Valdes; D; 8; 8; 706; 0; 0; 2; 0; 0; 0/0; 0; 0; 0; 0
Aaron Wheeler; F; 15; 8; 759; 0; 0; 6; 1; 0; 0/0; 0; 0; 0; 0
Ethan White; D; 12; 12; 1042; 0; 0; 0; 0; 0; 0/0; 0; 0; 0; 0
Zac MacMath; GK; 29; 29; 2610; 0; 0; 0; 0; 0; 0/0; 0; 0; 0; 0


Team: Portland Timbers

Diego Valeri; M; 33; 32; 2763; 11; 14; 104; 42; 4; 01/01/14; 7; 4; 0.36; 10.6
Maximiliano Urruti; F; 30; 12; 1181; 10; 2; 47; 15; 2; 0/0; 5; 5; 0.76; 21.3
Fanendo Adi; F; 24; 18; 1512; 9; 4; 53; 24; 2; 0/0; 4; 5; 0.54; 17
Gaston Fernandez; F; 32; 17; 1562; 7; 2; 37; 17; 0; 0/0; 5; 2; 0.4; 18.9
Will Johnson; M; 29; 29; 2526; 6; 2; 59; 21; 0; 03/03/14; 4; 2; 0.21; 10.2
Rodney Wallace; M-D; 17; 12; 1058; 5; 1; 24; 11; 2; 0/0; 2; 3; 0.43; 20.8
Diego Chara; M; 31; 31; 2745; 2; 5; 9; 5; 0; 0/0; 2; 0; 0.07; 22.2
Alvas Powell; D; 15; 11; 1052; 2; 2; 14; 7; 1; 0/0; 1; 1; 0.17; 14.3
Liam Ridgewell; D; 15; 15; 1350; 2; 1; 10; 4; 0; 0/0; 1; 1; 0.13; 20
Darlington Nagbe; F-M; 32; 30; 2681; 1; 7; 42; 17; 1; 0/0; 0; 1; 0.03; 2.4
Jorge Villafana; M; 19; 17; 1577; 1; 2; 4; 1; 0; 0/0; 0; 1; 0.06; 25
Kalif Alhassan; M; 15; 5; 590; 1; 1; 14; 4; 0; 0/0; 1; 0; 0.15; 7.1
Mamadou Danso; D; 10; 9; 866; 1; 0; 7; 1; 0; 0/0; 1; 0; 0.1; 14.3
Pa Modou Kah; D; 20; 20; 1744; 1; 0; 5; 1; 0; 0/0; 1; 0; 0.05; 20
Steve Zakuani; M; 17; 9; 739; 0; 3; 19; 3; 0; 0/0; 0; 0; 0; 0
Jack Jewsbury; D-M; 19; 16; 1428; 0; 2; 6; 2; 0; 0/0; 0; 0; 0; 0
Michael Harrington; D; 25; 21; 1749; 0; 2; 3; 0; 0; 0/0; 0; 0; 0; 0
Aaron Long; M; 0; 0; 0; 0; 0; 0; 0; 0; 0/0; 0; 0; 0; 0
Bryan Gallego; D; 0; 0; 0; 0; 0; 0; 0; 0; 0/0; 0; 0; 0; 0
George Fochive; M; 0; 0; 0; 0; 0; 0; 0; 0; 0/0; 0; 0; 0; 0
Jake Gleeson; GK; 0; 0; 0; 0; 0; 0; 0; 0; 0/0; 0; 0; 0; 0
Jose Adolfo Valencia; F; 0; 0; 0; 0; 0; 0; 0; 0; 0/0; 0; 0; 0; 0
Schillo Tshuma; F; 0; 0; 0; 0; 0; 0; 0; 0; 0/0; 0; 0; 0; 0
Steven Evans; M; 0; 0; 0; 0; 0; 0; 0; 0; 0/0; 0; 0; 0; 0
Taylor Peay; D; 0; 0; 0; 0; 0; 0; 0; 0; 0/0; 0; 0; 0; 0
Frederic Piquionne; F; 3; 0; 13; 0; 0; 1; 0; 0; 0/0; 0; 0; 0; 0
Michael Nanchoff; M; 3; 1; 85; 0; 0; 4; 2; 0; 0/0; 0; 0; 0; 0
Andrew Weber; GK; 3; 2; 198; 0; 0; 0; 0; 0; 0/0; 0; 0; 0; 0
Rauwshan McKenzie; D; 7; 6; 496; 0; 0; 2; 0; 0; 0/0; 0; 0; 0; 0
Ben Zemanski; M; 13; 7; 734; 0; 0; 10; 2; 0; 0/0; 0; 0; 0; 0
Danny O'Rourke; D; 12; 10; 975; 0; 0; 1; 0; 0; 0/0; 0; 0; 0; 0
Norberto Paparatto; D; 13; 12; 1049; 0; 0; 13; 4; 0; 0/0; 0; 0; 0; 0
Donovan Ricketts; GK; 32; 32; 2861; 0; 0; 0; 0; 0; 0/0; 0; 0; 0; 0



Team: Real Salt Lake

Joao Plata; F; 26; 24; 1985; 13; 6; 56; 32; 4; 01/01/14; 8; 5; 0.59; 23.2
Javier Morales; M; 30; 30; 2645; 9; 12; 64; 19; 3; 04/04/14; 3; 6; 0.31; 14.1
Alvaro Saborio; F; 16; 13; 1148; 8; 2; 47; 18; 4; 02/03/14; 6; 2; 0.63; 17
Luke Mulholland; M; 31; 24; 1987; 6; 7; 41; 13; 1; 0/0; 3; 3; 0.27; 14.6
Kyle Beckerman; M; 28; 28; 2520; 3; 3; 49; 21; 0; 0/0; 1; 2; 0.11; 6.1
Chris Schuler; D; 25; 25; 2154; 3; 1; 14; 6; 0; 0/0; 3; 0; 0.13; 21.4
Olmes Garcia; F; 23; 12; 1191; 3; 0; 31; 12; 1; 0/0; 2; 1; 0.23; 9.7
Ned Grabavoy; M; 33; 30; 2711; 2; 3; 28; 10; 2; 0/0; 2; 0; 0.07; 7.1
Luis Gil; M; 26; 16; 1386; 2; 2; 20; 6; 0; 0/0; 1; 1; 0.13; 10
Sebastian Velasquez; M; 10; 1; 222; 1; 2; 4; 2; 0; 0/0; 1; 0; 0.41; 25
Robbie Findley; F; 16; 8; 764; 1; 0; 24; 9; 0; 0/0; 1; 0; 0.12; 4.2
Carlos Salcedo; D; 12; 8; 800; 1; 0; 4; 2; 0; 0/0; 1; 0; 0.11; 25
Nat Borchers; D; 32; 32; 2856; 1; 0; 12; 3; 0; 0/0; 0; 1; 0.03; 8.3
Chris Wingert; D; 30; 30; 2537; 0; 3; 8; 2; 0; 0/0; 0; 0; 0; 0
Devon Sandoval; F; 15; 7; 633; 0; 1; 9; 3; 0; 0/0; 0; 0; 0; 0
Abdoulie Mansally; D; 11; 6; 655; 0; 1; 5; 2; 0; 0/0; 0; 0; 0; 0
Benji Lopez; F; 0; 0; 0; 0; 0; 0; 0; 0; 0/0; 0; 0; 0; 0
Eduardo Fernandez; GK; 0; 0; 0; 0; 0; 0; 0; 0; 0/0; 0; 0; 0; 0
Justen Glad; D; 0; 0; 0; 0; 0; 0; 0; 0; 0/0; 0; 0; 0; 0
Kwame Watson-Siriboe; D; 0; 0; 0; 0; 0; 0; 0; 0; 0/0; 0; 0; 0; 0
Ryan Neil; D; 0; 0; 0; 0; 0; 0; 0; 0; 0/0; 0; 0; 0; 0
Jordan Allen; D; 2; 0; 9; 0; 0; 0; 0; 0; 0/0; 0; 0; 0; 0
Rich Balchan; D; 4; 2; 233; 0; 0; 1; 0; 0; 0/0; 0; 0; 0; 0
Sebastian Jaime; F; 6; 3; 261; 0; 0; 8; 5; 0; 0/0; 0; 0; 0; 0
John Stertzer; M; 9; 3; 273; 0; 0; 3; 0; 0; 0/0; 0; 0; 0; 0
Aaron Maund; D; 6; 5; 432; 0; 0; 3; 1; 0; 0/0; 0; 0; 0; 0
Cole Grossman; M; 17; 5; 532; 0; 0; 2; 0; 0; 0/0; 0; 0; 0; 0
Jeff Attinella; GK; 10; 10; 900; 0; 0; 1; 0; 0; 0/0; 0; 0; 0; 0
Nick Rimando; GK; 24; 24; 2160; 0; 0; 0; 0; 0; 0/0; 0; 0; 0; 0
Tony Beltran; D; 29; 28; 2483; 0; 0; 7; 0; 0; 0/0; 0; 0; 0; 0


Team: San Jose Earthquakes

Chris Wondolowski; F-M; 26; 26; 2340; 14; 4; 77; 36; 0; 01/02/14; 7; 7; 0.54; 18.2
Atiba Harris; F; 24; 19; 1585; 4; 2; 31; 15; 1; 0/0; 2; 2; 0.23; 12.9
Yannick Djalo; M; 18; 13; 1136; 3; 2; 36; 7; 2; 0/0; 3; 0; 0.24; 8.3
Cordell Cato; M; 27; 16; 1577; 3; 2; 20; 8; 0; 0/0; 2; 1; 0.17; 15
Khari Stephenson; M; 19; 11; 1080; 2; 2; 34; 8; 1; 01/01/14; 2; 0; 0.17; 5.9
Victor Bernardez; D; 26; 25; 2231; 2; 1; 8; 4; 0; 0/0; 2; 0; 0.08; 25
Sam Cronin; M; 31; 30; 2627; 2; 0; 26; 6; 0; 0/0; 1; 1; 0.07; 7.7
Shea Salinas; M; 31; 30; 2470; 1; 8; 26; 9; 0; 0/0; 1; 0; 0.04; 3.8
Matias Perez Garcia; M; 6; 4; 384; 1; 1; 10; 3; 0; 0/0; 0; 1; 0.23; 10
Steven Lenhart; F; 11; 10; 905; 1; 1; 31; 12; 0; 0/0; 0; 1; 0.1; 3.2
Jean-Baptiste Pierazzi; M; 24; 23; 1982; 1; 0; 17; 6; 1; 0/0; 0; 1; 0.05; 5.9
Clarence Goodson; D; 10; 10; 900; 0; 1; 8; 1; 0; 0/0; 0; 0; 0; 0
Jordan Stewart; D; 30; 29; 2593; 0; 1; 9; 0; 0; 0/0; 0; 0; 0; 0
Jon Busch; GK; 34; 34; 3060; 0; 1; 0; 0; 0; 0/0; 0; 0; 0; 0
Billy Knutsen; GK; 0; 0; 0; 0; 0; 0; 0; 0; 0/0; 0; 0; 0; 0
Bryan Meredith; GK; 0; 0; 0; 0; 0; 0; 0; 0; 0/0; 0; 0; 0; 0
David Bingham; GK; 0; 0; 0; 0; 0; 0; 0; 0; 0/0; 0; 0; 0; 0
Ryan Neil; D; 0; 0; 0; 0; 0; 0; 0; 0; 0/0; 0; 0; 0; 0
Tommy Muller; D; 0; 0; 0; 0; 0; 0; 0; 0; 0/0; 0; 0; 0; 0
Sam Garza; M; 1; 0; 10; 0; 0; 0; 0; 0; 0/0; 0; 0; 0; 0
Mike Fucito; F; 8; 0; 95; 0; 0; 0; 0; 0; 0/0; 0; 0; 0; 0
Billy Schuler; F; 6; 1; 137; 0; 0; 4; 1; 0; 0/0; 0; 0; 0; 0
Adam Jahn; F; 4; 2; 186; 0; 0; 4; 0; 0; 0/0; 0; 0; 0; 0
Andreas Gorlitz; D; 3; 3; 225; 0; 0; 0; 0; 0; 0/0; 0; 0; 0; 0
Pablo Pintos; D; 6; 6; 476; 0; 0; 4; 1; 0; 0/0; 0; 0; 0; 0
Alan Gordon; F; 15; 6; 665; 0; 0; 17; 4; 0; 0/0; 3; 2; 0; 0
Tommy Thompson; M; 13; 8; 690; 0; 0; 6; 1; 0; 0/0; 0; 0; 0; 0
Brandon Barklage; D; 13; 10; 908; 0; 0; 2; 0; 0; 0/0; 0; 0; 0; 0
JJ Koval; M; 22; 9; 954; 0; 0; 8; 1; 0; 0/0; 0; 0; 0; 0
Ty Harden; D; 17; 13; 1226; 0; 0; 5; 2; 0; 0/0; 0; 0; 0; 0
Shaun Francis; D; 20; 16; 1436; 0; 0; 7; 1; 0; 0/0; 0; 0; 0; 0
Jason Hernandez; D; 20; 20; 1732; 0; 0; 0; 0; 0; 0/0; 0; 0; 0; 0


Team: Seattle Sounders

Obafemi Martins; F; 31; 29; 2600; 17; 13; 77; 36; 3; 01/01/14; 7; 10; 0.59; 22.1
Clint Dempsey; M; 26; 23; 2132; 15; 10; 113; 47; 5; 02/02/14; 6; 9; 0.63; 13.3
Lamar Neagle; F; 32; 27; 2248; 9; 9; 49; 28; 2; 0/0; 4; 5; 0.36; 18.4
Chad Barrett; F; 26; 8; 867; 7; 1; 30; 14; 3; 0/0; 3; 4; 0.73; 23.3
Marco Pappa; M; 29; 24; 1931; 6; 5; 62; 21; 2; 0/0; 5; 1; 0.28; 9.7
Gonzalo Pineda; M; 28; 24; 2233; 3; 7; 16; 9; 1; 03/03/14; 2; 1; 0.12; 18.8
Kenny Cooper; F; 22; 12; 989; 3; 4; 29; 9; 1; 0/0; 2; 1; 0.27; 10.3
Andy Rose; M; 16; 5; 552; 3; 1; 8; 6; 2; 0/0; 1; 2; 0.49; 37.5
Chad Marshall; D; 31; 31; 2790; 1; 3; 14; 4; 1; 0/0; 1; 0; 0.03; 7.1
Brad Evans; M; 26; 22; 1896; 0; 5; 8; 2; 0; 0/0; 0; 0; 0; 0
DeAndre Yedlin; D; 25; 25; 2220; 0; 4; 7; 2; 0; 0/0; 0; 0; 0; 0
Osvaldo Alonso; M; 33; 33; 2952; 0; 2; 33; 4; 0; 0/1; 0; 0; 0; 0
Jalil Anibaba; D; 16; 14; 1283; 0; 1; 8; 1; 0; 0/0; 0; 0; 0; 0
Aaron Long; M; 0; 0; 0; 0; 0; 0; 0; 0; 0/0; 0; 0; 0; 0
Damion Lowe; D; 0; 0; 0; 0; 0; 0; 0; 0; 0/0; 0; 0; 0; 0
Fabio Pereira; M; 0; 0; 0; 0; 0; 0; 0; 0; 0/0; 0; 0; 0; 0
Jimmy Ockford; D; 0; 0; 0; 0; 0; 0; 0; 0; 0/0; 0; 0; 0; 0
Josh Ford; GK; 0; 0; 0; 0; 0; 0; 0; 0; 0/0; 0; 0; 0; 0
Kevin Parsemain; F; 0; 0; 0; 0; 0; 0; 0; 0; 0/0; 0; 0; 0; 0
Marcus Hahnemann; GK; 0; 0; 0; 0; 0; 0; 0; 0; 0/0; 0; 0; 0; 0
Onyekachi Apam; D; 0; 0; 0; 0; 0; 0; 0; 0; 0/0; 0; 0; 0; 0
David Estrada; M-F; 1; 0; 5; 0; 0; 0; 0; 0; 0/0; 0; 0; 0; 0
Sean Okoli; F; 3; 0; 19; 0; 0; 0; 0; 0; 0/0; 0; 0; 0; 0
Aaron Kovar; M; 3; 0; 25; 0; 0; 0; 0; 0; 0/0; 0; 0; 0; 0
Cam Weaver; F; 3; 0; 31; 0; 0; 0; 0; 0; 0/0; 0; 0; 0; 0
Cam Weaver; F; 3; 0; 31; 0; 0; 0; 0; 0; 0/0; 0; 0; 0; 0
Tristan Bowen; F; 2; 0; 60; 0; 0; 3; 1; 0; 0/0; 0; 0; 0; 0
Micheal Azira; M; 14; 6; 606; 0; 0; 7; 1; 0; 0/0; 0; 0; 0; 0
Dylan Remick; D; 13; 8; 693; 0; 0; 1; 0; 0; 0/0; 0; 0; 0; 0
Djimi Traore; D; 15; 13; 1159; 0; 0; 1; 1; 0; 0/0; 0; 0; 0; 0
Zach Scott; D; 18; 16; 1389; 0; 0; 2; 0; 0; 0/0; 0; 0; 0; 0
Leo Gonzalez; D; 23; 20; 1836; 0; 0; 2; 1; 0; 0/0; 0; 0; 0; 0
Stefan Frei; GK; 34; 34; 3060; 0; 0; 0; 0; 0; 0/0; 0; 0; 0; 0


Team: Sporting Kansas City

Dom Dwyer; F; 33; 31; 2724; 22; 1; 113; 48; 6; 07/08/14; 12; 10; 0.73; 19.5
Graham Zusi; F-M; 25; 24; 2151; 5; 8; 32; 13; 1; 0/0; 2; 3; 0.21; 15.6
Benny Feilhaber; M; 31; 30; 2607; 4; 6; 47; 13; 1; 0/0; 1; 3; 0.14; 8.5
Soony Saad; F; 22; 9; 906; 3; 1; 31; 12; 1; 0/0; 1; 2; 0.3; 9.7
Paulo Nagamura; M; 21; 21; 1745; 2; 3; 28; 10; 0; 0/0; 1; 1; 0.1; 7.1
Jacob Peterson; F; 22; 13; 1301; 2; 2; 24; 10; 2; 0/0; 1; 1; 0.14; 8.3
Lawrence Olum; M; 25; 21; 1853; 2; 1; 14; 4; 2; 0/0; 1; 1; 0.1; 14.3
Claudio Bieler; F; 13; 4; 421; 2; 0; 12; 3; 0; 0/0; 1; 1; 0.43; 16.7
C.J. Sapong; F; 20; 7; 811; 2; 0; 14; 5; 0; 0/0; 1; 1; 0.22; 14.3
Aurelien Collin; D; 26; 25; 2104; 2; 0; 24; 6; 0; 0/0; 2; 0; 0.09; 8.3
Antonio Dovale; M; 19; 14; 1033; 1; 3; 29; 8; 0; 0/0; 1; 0; 0.09; 3.4
Sal Zizzo; F; 19; 13; 1097; 0; 3; 19; 7; 0; 0/0; 0; 0; 0; 0
Kevin Ellis; D; 20; 16; 1538; 0; 3; 6; 1; 0; 0/0; 0; 0; 0; 0
Igor Juliao; D; 23; 23; 1992; 0; 2; 15; 4; 0; 0/0; 0; 0; 0; 0
Seth Sinovic; D; 31; 31; 2755; 0; 2; 21; 7; 0; 0/0; 0; 0; 0; 0
Chance Myers; D; 7; 7; 576; 0; 1; 1; 0; 0; 0/0; 0; 0; 0; 0
Matt Besler; D; 24; 24; 2145; 0; 1; 4; 0; 0; 0/0; 0; 0; 0; 0
Christian Duke; M; 0; 0; 0; 0; 0; 0; 0; 0; 0/0; 0; 0; 0; 0
Michael Kafari; M; 0; 0; 0; 0; 0; 0; 0; 0; 0/0; 0; 0; 0; 0
Peterson Joseph; M; 0; 0; 0; 0; 0; 0; 0; 0; 0/0; 0; 0; 0; 0
Victor Munoz; M; 0; 0; 0; 0; 0; 0; 0; 0; 0/0; 0; 0; 0; 0
Martin Steuble; M; 3; 1; 69; 0; 0; 1; 0; 0; 0/0; 0; 0; 0; 0
Josh Gardner; M; 1; 1; 89; 0; 0; 1; 0; 0; 0/0; 0; 0; 0; 0
Mechack Jerome; D; 2; 1; 91; 0; 0; 1; 0; 0; 0/0; 0; 0; 0; 0
Jimmy Medranda; M; 5; 1; 131; 0; 0; 4; 0; 0; 0/0; 0; 0; 0; 0
Ike Opara; D; 3; 2; 152; 0; 0; 4; 2; 0; 0/0; 0; 0; 0; 0
Erik Palmer-Brown; D; 3; 2; 235; 0; 0; 0; 0; 0; 0/0; 0; 0; 0; 0
Jon Kempin; GK; 4; 3; 315; 0; 0; 0; 0; 0; 0/0; 0; 0; 0; 0
Alex Martinez; M; 10; 3; 411; 0; 0; 8; 3; 0; 0/0; 0; 0; 0; 0
Jorge Claros; M; 7; 4; 419; 0; 0; 1; 0; 0; 0/0; 0; 0; 0; 0
Mikey Lopez; M; 8; 5; 482; 0; 0; 7; 3; 0; 0/0; 0; 0; 0; 0
Oriol Rosell; M; 7; 7; 594; 0; 0; 7; 1; 0; 0/0; 0; 0; 0; 0
Andy Gruenebaum; GK; 11; 11; 945; 0; 0; 0; 0; 0; 0/0; 0; 0; 0; 0
Eric Kronberg; GK; 20; 20; 1800; 0; 0; 0; 0; 0; 0/0; 0; 0; 0; 0


Team: Toronto FC

Jermain Defoe; F; 19; 17; 1529; 11; 2; 58; 25; 5; 03/04/14; 8; 3; 0.65; 19
Gilberto; F; 28; 21; 1955; 7; 5; 73; 22; 1; 0/0; 2; 5; 0.32; 9.6
Luke Moore; F; 27; 22; 1977; 6; 4; 53; 20; 1; 0/0; 3; 3; 0.27; 11.3
Jackson; M; 26; 21; 1842; 4; 1; 54; 19; 1; 0/0; 3; 1; 0.2; 7.4
Jonathan Osorio; M; 27; 24; 2039; 3; 4; 17; 6; 0; 0/0; 1; 2; 0.13; 17.6
Dominic Oduro; F-M; 24; 17; 1514; 2; 5; 24; 9; 0; 0/0; 1; 1; 0.12; 8.3
Michael Bradley; M; 25; 25; 2198; 2; 4; 52; 12; 2; 0/1; 1; 1; 0.08; 3.8
Nick Hagglund; D; 25; 23; 2088; 2; 3; 22; 6; 0; 0/0; 2; 0; 0.09; 9.1
Issey Nakajima-Farran; M; 5; 2; 235; 2; 0; 6; 3; 0; 0/0; 0; 2; 0.77; 33.3
Bradley Orr; D; 19; 14; 1144; 1; 1; 3; 2; 0; 0/0; 0; 1; 0.08; 33.3
Dwayne De Rosario; M; 19; 4; 506; 1; 0; 19; 10; 0; 0/0; 0; 1; 0.18; 5.3
Warren Creavalle; D; 10; 7; 612; 1; 0; 1; 1; 0; 0/0; 1; 0; 0.15; 100
Doneil Henry; D; 21; 19; 1802; 1; 0; 14; 3; 1; 0/0; 1; 0; 0.05; 7.1
Justin Morrow; D; 31; 30; 2676; 0; 3; 8; 1; 0; 0/0; 0; 0; 0; 0
Daniel Lovitz; M; 18; 5; 631; 0; 2; 5; 4; 0; 0/0; 0; 0; 0; 0
Collen Warner; M; 20; 19; 1617; 0; 2; 13; 0; 0; 0/0; 0; 0; 0; 0
Mark Bloom; D; 26; 26; 2290; 0; 1; 9; 3; 0; 0/0; 0; 0; 0; 0
Joseph Bendik; GK; 27; 27; 2430; 0; 1; 0; 0; 0; 0/0; 0; 0; 0; 0
Chris Konopka; GK; 0; 0; 0; 0; 0; 0; 0; 0; 0/0; 0; 0; 0; 0
Christopher Mannella; M; 0; 0; 0; 0; 0; 0; 0; 0; 0/0; 0; 0; 0; 0
Gale Agbossoumonde; D; 0; 0; 0; 0; 0; 0; 0; 0; 0/0; 0; 0; 0; 0
Manny Aparicio; M; 0; 0; 0; 0; 0; 0; 0; 0; 0/0; 0; 0; 0; 0
Quillan Roberts; GK; 0; 0; 0; 0; 0; 0; 0; 0; 0/0; 0; 0; 0; 0
Ryan Richter; D; 0; 0; 0; 0; 0; 0; 0; 0; 0/0; 0; 0; 0; 0
Jordan Hamilton; F; 1; 0; 1; 0; 0; 0; 0; 0; 0/0; 0; 0; 0; 0
Bright Dike; F; 2; 0; 19; 0; 0; 1; 1; 0; 0/0; 0; 0; 0; 0
Andrew Wiedeman; F; 7; 0; 90; 0; 0; 2; 0; 0; 0/0; 0; 0; 0; 0
Ashtone Morgan; D; 3; 2; 168; 0; 0; 0; 0; 0; 0/0; 0; 0; 0; 0
Jeremy Hall; M; 3; 2; 185; 0; 0; 1; 0; 0; 0/0; 0; 0; 0; 0
Alvaro Rey; M; 7; 6; 459; 0; 0; 3; 1; 0; 0/0; 0; 0; 0; 0
Julio Cesar; GK; 7; 7; 630; 0; 0; 0; 0; 0; 0/0; 0; 0; 0; 0
Kyle Bekker; M; 20; 13; 1117; 0; 0; 18; 4; 0; 0/0; 0; 0; 0; 0
Steven Caldwell; D; 21; 21; 1774; 0; 0; 5; 0; 0; 0/0; 0; 0; 0; 0


Team: Vancouver Whitecaps

Pedro Morales; M; 33; 28; 2554; 10; 12; 105; 39; 3; 07/08/14; 7; 3; 0.35; 9.5
Darren Mattocks; F; 30; 20; 1802; 6; 3; 54; 23; 0; 01/02/14; 4; 2; 0.3; 11.1
Erik Hurtado; M; 30; 19; 1805; 5; 3; 55; 22; 1; 0/0; 1; 4; 0.25; 9.1
Sebastian Fernandez; F; 32; 24; 1968; 5; 0; 54; 17; 3; 0/0; 4; 1; 0.23; 9.3
Kekuta Manneh; F; 29; 13; 1198; 4; 2; 54; 22; 1; 0/0; 2; 2; 0.3; 7.4
Kenny Miller; F; 9; 7; 637; 3; 1; 15; 7; 1; 02/02/14; 3; 0; 0.42; 20
Nicolas Mezquida; M; 14; 4; 418; 2; 0; 11; 5; 0; 0/0; 0; 2; 0.43; 18.2
Kendall Waston; D; 10; 9; 821; 2; 0; 12; 2; 1; 0/0; 2; 0; 0.22; 16.7
Jordan Harvey; D; 33; 33; 2939; 2; 0; 17; 4; 1; 0/0; 1; 1; 0.06; 11.8
Gershon Koffie; M; 21; 17; 1541; 1; 1; 20; 5; 0; 0/0; 1; 0; 0.06; 5
Carlyle Mitchell; D; 8; 8; 720; 1; 0; 5; 2; 0; 0/0; 1; 0; 0.13; 20
Mauro Rosales; M; 11; 10; 809; 0; 3; 7; 3; 0; 0/0; 0; 0; 0; 0
Steven Beitashour; D; 27; 27; 2371; 0; 3; 3; 0; 0; 0/0; 0; 0; 0; 0
Nigel Reo-Coker; M; 12; 8; 697; 0; 2; 2; 0; 0; 0/0; 0; 0; 0; 0
Russell Teibert; F-M; 29; 22; 1971; 0; 2; 15; 1; 0; 0/0; 0; 0; 0; 0
Andy O'Brien; D; 26; 25; 2258; 0; 1; 2; 1; 0; 0/0; 0; 0; 0; 0
Matias Laba; M; 32; 31; 2738; 0; 1; 8; 1; 0; 0/0; 0; 0; 0; 0
David Ousted; GK; 34; 34; 3060; 0; 1; 0; 0; 0; 0/0; 0; 0; 0; 0
Aminu Abdallah; M; 0; 0; 0; 0; 0; 0; 0; 0; 0/0; 0; 0; 0; 0
Andre Lewis; M; 0; 0; 0; 0; 0; 0; 0; 0; 0/0; 0; 0; 0; 0
Bryce Alderson; M; 0; 0; 0; 0; 0; 0; 0; 0; 0/0; 0; 0; 0; 0
Caleb Clarke; F; 0; 0; 0; 0; 0; 0; 0; 0; 0/0; 0; 0; 0; 0
Mamadou Diouf; F; 0; 0; 0; 0; 0; 0; 0; 0; 0/0; 0; 0; 0; 0
Marco Carducci; GK; 0; 0; 0; 0; 0; 0; 0; 0; 0/0; 0; 0; 0; 0
Paolo Tornaghi; GK; 0; 0; 0; 0; 0; 0; 0; 0; 0/0; 0; 0; 0; 0
Kianz Froese; M; 1; 0; 45; 0; 0; 0; 0; 0; 0/0; 0; 0; 0; 0
Christian Dean; D; 4; 1; 123; 0; 0; 0; 0; 0; 0/0; 0; 0; 0; 0
Ethen Sampson; D; 2; 2; 144; 0; 0; 1; 0; 0; 0/0; 0; 0; 0; 0
Sam Adekugbe; D; 4; 1; 193; 0; 0; 0; 0; 0; 0/0; 0; 0; 0; 0
Omar Salgado; F; 8; 2; 198; 0; 0; 4; 2; 0; 0/0; 0; 0; 0; 0
Mehdi Ballouchy; M; 9; 3; 297; 0; 0; 1; 0; 0; 0/0; 0; 0; 0; 0
Jay DeMerit; D; 11; 11; 924; 0; 0; 2; 0; 0; 0/0; 0; 0; 0; 0
Johnny Leveron; D; 16; 15; 1394; 0; 0; 5; 2; 0; 0/0; 0; 0; 0; 0
